t (s); p(0) (bar); p(L) (bar); v(0) m/s; v(L) (m/s); mp(0) (kg/s), mp(L) (kg/s), L, D, lambda
0.000000e+00; 1.000000e+00; 1.000000e+00; 0.000000e+00; 0.000000e+00; 0.000000e+00; 0.000000e+00; 1.000000e+02; 1.000000e-01; 2.000000e-02
0.000000e+00; 1.000000e+00; 1.000000e+00; 1.616879e-17; 0.000000e+00; 1.269894e-16; 0.000000e+00; 1.000000e+02; 1.000000e-01; 2.000000e-02
0.000000e+00; 1.000000e+00; 1.000000e+00; 1.616879e-17; 0.000000e+00; 1.269894e-16; 0.000000e+00; 1.000000e+02; 1.000000e-01; 2.000000e-02
5.847953e-03; 1.000000e+00; 1.000000e+00; 1.616879e-17; 0.000000e+00; 1.269894e-16; 0.000000e+00; 1.000000e+02; 1.000000e-01; 2.000000e-02
5.847953e-03; 1.000000e+00; 1.000000e+00; -1.616879e-17; 0.000000e+00; -1.269894e-16; 0.000000e+00; 1.000000e+02; 1.000000e-01; 2.000000e-02
5.847953e-03; 1.000000e+00; 1.000000e+00; 1.616879e-17; 0.000000e+00; 1.269894e-16; 0.000000e+00; 1.000000e+02; 1.000000e-01; 2.000000e-02
1.169591e-02; 1.000000e+00; 1.000000e+00; 1.616879e-17; 0.000000e+00; 1.269894e-16; 0.000000e+00; 1.000000e+02; 1.000000e-01; 2.000000e-02
1.169591e-02; 1.000000e+00; 1.000000e+00; 1.616879e-17; 0.000000e+00; 1.269894e-16; 0.000000e+00; 1.000000e+02; 1.000000e-01; 2.000000e-02
1.169591e-02; 1.000000e+00; 1.000000e+00; 1.616879e-17; 0.000000e+00; 1.269894e-16; 0.000000e+00; 1.000000e+02; 1.000000e-01; 2.000000e-02
1.169591e-02; 1.000000e+00; 1.000000e+00; -1.616879e-17; 0.000000e+00; -1.269894e-16; 0.000000e+00; 1.000000e+02; 1.000000e-01; 2.000000e-02
1.754386e-02; 1.000000e+00; 1.000000e+00; 1.616879e-17; 0.000000e+00; 1.269894e-16; 0.000000e+00; 1.000000e+02; 1.000000e-01; 2.000000e-02
1.754386e-02; 1.000000e+00; 1.000000e+00; 1.616879e-17; 0.000000e+00; 1.269894e-16; 0.000000e+00; 1.000000e+02; 1.000000e-01; 2.000000e-02
1.754386e-02; 1.000000e+00; 1.000000e+00; 1.616879e-17; 0.000000e+00; 1.269894e-16; 0.000000e+00; 1.000000e+02; 1.000000e-01; 2.000000e-02
2.339181e-02; 1.000000e+00; 1.000000e+00; 1.616879e-17; 0.000000e+00; 1.269894e-16; 0.000000e+00; 1.000000e+02; 1.000000e-01; 2.000000e-02
2.339181e-02; 1.000000e+00; 1.000000e+00; 1.616879e-17; 0.000000e+00; 1.269894e-16; 0.000000e+00; 1.000000e+02; 1.000000e-01; 2.000000e-02
2.339181e-02; 1.000000e+00; 1.000000e+00; -1.616879e-17; 0.000000e+00; -1.269894e-16; 0.000000e+00; 1.000000e+02; 1.000000e-01; 2.000000e-02
2.339181e-02; 1.000000e+00; 1.000000e+00; 1.616879e-17; 0.000000e+00; 1.269894e-16; 0.000000e+00; 1.000000e+02; 1.000000e-01; 2.000000e-02
2.339181e-02; 1.000000e+00; 1.000000e+00; 1.616879e-17; 0.000000e+00; 1.269894e-16; 0.000000e+00; 1.000000e+02; 1.000000e-01; 2.000000e-02
2.923977e-02; 1.000000e+00; 1.000000e+00; 1.616879e-17; 0.000000e+00; 1.269894e-16; 0.000000e+00; 1.000000e+02; 1.000000e-01; 2.000000e-02
2.923977e-02; 1.000000e+00; 1.000000e+00; 1.616879e-17; 0.000000e+00; 1.269894e-16; 0.000000e+00; 1.000000e+02; 1.000000e-01; 2.000000e-02
2.923977e-02; 1.000000e+00; 1.000000e+00; 1.616879e-17; 0.000000e+00; 1.269894e-16; 0.000000e+00; 1.000000e+02; 1.000000e-01; 2.000000e-02
3.508772e-02; 1.000000e+00; 1.000000e+00; -1.616879e-17; 0.000000e+00; -1.269894e-16; 0.000000e+00; 1.000000e+02; 1.000000e-01; 2.000000e-02
3.508772e-02; 1.000000e+00; 1.000000e+00; 1.616879e-17; 0.000000e+00; 1.269894e-16; 0.000000e+00; 1.000000e+02; 1.000000e-01; 2.000000e-02
3.508772e-02; 1.000000e+00; 1.000000e+00; -1.616879e-17; 0.000000e+00; -1.269894e-16; 0.000000e+00; 1.000000e+02; 1.000000e-01; 2.000000e-02
3.508772e-02; 1.000000e+00; 1.000000e+00; -1.616879e-17; 0.000000e+00; -1.269894e-16; 0.000000e+00; 1.000000e+02; 1.000000e-01; 2.000000e-02
4.093567e-02; 1.000000e+00; 1.000000e+00; 1.616879e-17; 0.000000e+00; 1.269894e-16; 0.000000e+00; 1.000000e+02; 1.000000e-01; 2.000000e-02
4.093567e-02; 1.000000e+00; 1.000000e+00; 1.616879e-17; 0.000000e+00; 1.269894e-16; 0.000000e+00; 1.000000e+02; 1.000000e-01; 2.000000e-02
4.093567e-02; 1.000000e+00; 1.000000e+00; -1.616879e-17; 0.000000e+00; -1.269894e-16; 0.000000e+00; 1.000000e+02; 1.000000e-01; 2.000000e-02
4.678363e-02; 1.000000e+00; 1.000000e+00; 1.616879e-17; 0.000000e+00; 1.269894e-16; 0.000000e+00; 1.000000e+02; 1.000000e-01; 2.000000e-02
4.678363e-02; 1.000000e+00; 1.000000e+00; 1.616879e-17; 0.000000e+00; 1.269894e-16; 0.000000e+00; 1.000000e+02; 1.000000e-01; 2.000000e-02
4.678363e-02; 1.000000e+00; 1.000000e+00; 1.616879e-17; 0.000000e+00; 1.269894e-16; 0.000000e+00; 1.000000e+02; 1.000000e-01; 2.000000e-02
4.678363e-02; 1.000000e+00; 1.000000e+00; -1.616879e-17; 0.000000e+00; -1.269894e-16; 0.000000e+00; 1.000000e+02; 1.000000e-01; 2.000000e-02
4.678363e-02; 1.000000e+00; 1.000000e+00; 1.616879e-17; 0.000000e+00; 1.269894e-16; 0.000000e+00; 1.000000e+02; 1.000000e-01; 2.000000e-02
5.263158e-02; 1.000000e+00; 1.000000e+00; 1.616879e-17; 0.000000e+00; 1.269894e-16; 0.000000e+00; 1.000000e+02; 1.000000e-01; 2.000000e-02
5.263158e-02; 1.000000e+00; 1.000000e+00; 1.616879e-17; 0.000000e+00; 1.269894e-16; 0.000000e+00; 1.000000e+02; 1.000000e-01; 2.000000e-02
5.263158e-02; 1.000000e+00; 1.000000e+00; 1.616879e-17; 0.000000e+00; 1.269894e-16; 0.000000e+00; 1.000000e+02; 1.000000e-01; 2.000000e-02
5.847953e-02; 1.000000e+00; 1.000000e+00; 1.616879e-17; 0.000000e+00; 1.269894e-16; 0.000000e+00; 1.000000e+02; 1.000000e-01; 2.000000e-02
5.847953e-02; 1.000000e+00; 1.000000e+00; 1.616879e-17; 0.000000e+00; 1.269894e-16; 0.000000e+00; 1.000000e+02; 1.000000e-01; 2.000000e-02
5.847953e-02; 1.000000e+00; 1.000000e+00; -1.616879e-17; 0.000000e+00; -1.269894e-16; 0.000000e+00; 1.000000e+02; 1.000000e-01; 2.000000e-02
6.432749e-02; 1.000000e+00; 1.000000e+00; 1.616879e-17; 0.000000e+00; 1.269894e-16; 0.000000e+00; 1.000000e+02; 1.000000e-01; 2.000000e-02
6.432749e-02; 1.000000e+00; 1.000000e+00; -1.616879e-17; 0.000000e+00; -1.269894e-16; 0.000000e+00; 1.000000e+02; 1.000000e-01; 2.000000e-02
6.432749e-02; 1.000000e+00; 1.000000e+00; -1.616879e-17; 0.000000e+00; -1.269894e-16; 0.000000e+00; 1.000000e+02; 1.000000e-01; 2.000000e-02
6.432749e-02; 1.000000e+00; 1.000000e+00; 1.616879e-17; 0.000000e+00; 1.269894e-16; 0.000000e+00; 1.000000e+02; 1.000000e-01; 2.000000e-02
7.017544e-02; 1.000000e+00; 1.000000e+00; 1.616879e-17; 0.000000e+00; 1.269894e-16; 0.000000e+00; 1.000000e+02; 1.000000e-01; 2.000000e-02
7.017544e-02; 1.000000e+00; 1.000000e+00; 1.616879e-17; 0.000000e+00; 1.269894e-16; 0.000000e+00; 1.000000e+02; 1.000000e-01; 2.000000e-02
7.017544e-02; 1.000000e+00; 1.000000e+00; 1.616879e-17; 0.000000e+00; 1.269894e-16; 0.000000e+00; 1.000000e+02; 1.000000e-01; 2.000000e-02
7.602339e-02; 1.000000e+00; 1.000000e+00; 1.616879e-17; 0.000000e+00; 1.269894e-16; 0.000000e+00; 1.000000e+02; 1.000000e-01; 2.000000e-02
7.602339e-02; 1.000000e+00; 1.000000e+00; 1.616879e-17; 0.000000e+00; 1.269894e-16; 0.000000e+00; 1.000000e+02; 1.000000e-01; 2.000000e-02
7.602339e-02; 1.000000e+00; 1.000000e+00; 1.616879e-17; 0.000000e+00; 1.269894e-16; 0.000000e+00; 1.000000e+02; 1.000000e-01; 2.000000e-02
7.602339e-02; 2.332379e+00; 1.000000e+00; 1.480421e-01; 0.000000e+00; 1.162720e+00; 0.000000e+00; 1.000000e+02; 1.000000e-01; 2.000000e-02
7.602339e-02; 2.332341e+00; 1.000000e+00; 1.480379e-01; 0.000000e+00; 1.162687e+00; 0.000000e+00; 1.000000e+02; 1.000000e-01; 2.000000e-02
8.187135e-02; 2.332409e+00; 1.000000e+00; 1.480326e-01; 0.000000e+00; 1.162645e+00; 0.000000e+00; 1.000000e+02; 1.000000e-01; 2.000000e-02
8.187135e-02; 2.332393e+00; 1.000000e+00; 1.480309e-01; 0.000000e+00; 1.162632e+00; 0.000000e+00; 1.000000e+02; 1.000000e-01; 2.000000e-02
8.187135e-02; 2.332518e+00; 1.000000e+00; 1.480447e-01; 0.000000e+00; 1.162741e+00; 0.000000e+00; 1.000000e+02; 1.000000e-01; 2.000000e-02
8.771930e-02; 2.332566e+00; 1.000000e+00; 1.480501e-01; 0.000000e+00; 1.162783e+00; 0.000000e+00; 1.000000e+02; 1.000000e-01; 2.000000e-02
8.771930e-02; 2.332501e+00; 1.000000e+00; 1.480429e-01; 0.000000e+00; 1.162726e+00; 0.000000e+00; 1.000000e+02; 1.000000e-01; 2.000000e-02
8.771930e-02; 2.332373e+00; 1.000000e+00; 1.480286e-01; 0.000000e+00; 1.162614e+00; 0.000000e+00; 1.000000e+02; 1.000000e-01; 2.000000e-02
8.771930e-02; 2.332338e+00; 1.000000e+00; 1.480248e-01; 0.000000e+00; 1.162584e+00; 0.000000e+00; 1.000000e+02; 1.000000e-01; 2.000000e-02
9.356725e-02; 2.332472e+00; 1.000000e+00; 1.480268e-01; 0.000000e+00; 1.162600e+00; 0.000000e+00; 1.000000e+02; 1.000000e-01; 2.000000e-02
9.356725e-02; 2.332549e+00; 1.000000e+00; 1.480354e-01; 0.000000e+00; 1.162667e+00; 0.000000e+00; 1.000000e+02; 1.000000e-01; 2.000000e-02
9.356725e-02; 2.332485e+00; 1.000000e+00; 1.480282e-01; 0.000000e+00; 1.162611e+00; 0.000000e+00; 1.000000e+02; 1.000000e-01; 2.000000e-02
9.941520e-02; 2.332371e+00; 1.000000e+00; 1.480156e-01; 0.000000e+00; 1.162512e+00; 0.000000e+00; 1.000000e+02; 1.000000e-01; 2.000000e-02
9.941520e-02; 2.332404e+00; 1.000000e+00; 1.480192e-01; 0.000000e+00; 1.162540e+00; 0.000000e+00; 1.000000e+02; 1.000000e-01; 2.000000e-02
9.941520e-02; 2.332360e+00; 1.000000e+00; 1.480144e-01; 0.000000e+00; 1.162503e+00; 0.000000e+00; 1.000000e+02; 1.000000e-01; 2.000000e-02
9.941520e-02; 2.332404e+00; 1.000000e+00; 1.480193e-01; 0.000000e+00; 1.162541e+00; 0.000000e+00; 1.000000e+02; 1.000000e-01; 2.000000e-02
9.941520e-02; 2.332264e+00; 1.000000e+00; 1.480037e-01; 0.000000e+00; 1.162419e+00; 0.000000e+00; 1.000000e+02; 1.000000e-01; 2.000000e-02
1.052632e-01; 2.332303e+00; 1.000000e+00; 1.479952e-01; 0.000000e+00; 1.162352e+00; 0.000000e+00; 1.000000e+02; 1.000000e-01; 2.000000e-02
1.052632e-01; 2.332293e+00; 1.000000e+00; 1.479941e-01; 0.000000e+00; 1.162343e+00; 0.000000e+00; 1.000000e+02; 1.000000e-01; 2.000000e-02
1.052632e-01; 2.332415e+00; 1.000000e+00; 1.480077e-01; 0.000000e+00; 1.162450e+00; 0.000000e+00; 1.000000e+02; 1.000000e-01; 2.000000e-02
1.111111e-01; 2.332486e+00; 1.000000e+00; 1.480156e-01; 0.000000e+00; 1.162511e+00; 0.000000e+00; 1.000000e+02; 1.000000e-01; 2.000000e-02
1.111111e-01; 2.332426e+00; 1.000000e+00; 1.480089e-01; 0.000000e+00; 1.162459e+00; 0.000000e+00; 1.000000e+02; 1.000000e-01; 2.000000e-02
1.111111e-01; 2.332296e+00; 1.000000e+00; 1.479944e-01; 0.000000e+00; 1.162345e+00; 0.000000e+00; 1.000000e+02; 1.000000e-01; 2.000000e-02
1.169591e-01; 2.332347e+00; 1.000000e+00; 1.479873e-01; 0.000000e+00; 1.162290e+00; 0.000000e+00; 1.000000e+02; 1.000000e-01; 2.000000e-02
1.169591e-01; 2.332315e+00; 1.000000e+00; 1.479837e-01; 0.000000e+00; 1.162262e+00; 0.000000e+00; 1.000000e+02; 1.000000e-01; 2.000000e-02
1.169591e-01; 2.332446e+00; 1.000000e+00; 1.479984e-01; 0.000000e+00; 1.162376e+00; 0.000000e+00; 1.000000e+02; 1.000000e-01; 2.000000e-02
1.169591e-01; 2.332410e+00; 1.000000e+00; 1.479943e-01; 0.000000e+00; 1.162345e+00; 0.000000e+00; 1.000000e+02; 1.000000e-01; 2.000000e-02
1.228070e-01; 2.332291e+00; 1.000000e+00; 1.479811e-01; 0.000000e+00; 1.162241e+00; 0.000000e+00; 1.000000e+02; 1.000000e-01; 2.000000e-02
1.228070e-01; 2.332327e+00; 1.000000e+00; 1.479851e-01; 0.000000e+00; 1.162272e+00; 0.000000e+00; 1.000000e+02; 1.000000e-01; 2.000000e-02
1.228070e-01; 2.332260e+00; 1.000000e+00; 1.479777e-01; 0.000000e+00; 1.162214e+00; 0.000000e+00; 1.000000e+02; 1.000000e-01; 2.000000e-02
1.286550e-01; 2.332410e+00; 1.000000e+00; 1.479816e-01; 0.000000e+00; 1.162244e+00; 0.000000e+00; 1.000000e+02; 1.000000e-01; 2.000000e-02
1.286550e-01; 2.332478e+00; 1.000000e+00; 1.479890e-01; 0.000000e+00; 1.162303e+00; 0.000000e+00; 1.000000e+02; 1.000000e-01; 2.000000e-02
1.286550e-01; 2.332432e+00; 1.000000e+00; 1.479840e-01; 0.000000e+00; 1.162263e+00; 0.000000e+00; 1.000000e+02; 1.000000e-01; 2.000000e-02
1.286550e-01; 2.332218e+00; 1.000000e+00; 1.479602e-01; 0.000000e+00; 1.162077e+00; 0.000000e+00; 1.000000e+02; 1.000000e-01; 2.000000e-02
1.286550e-01; 2.332338e+00; 1.000000e+00; 1.479735e-01; 0.000000e+00; 1.162181e+00; 0.000000e+00; 1.000000e+02; 1.000000e-01; 2.000000e-02
1.345029e-01; 2.332380e+00; 1.000000e+00; 1.479782e-01; 0.000000e+00; 1.162218e+00; 0.000000e+00; 1.000000e+02; 1.000000e-01; 2.000000e-02
1.345029e-01; 2.332326e+00; 1.000000e+00; 1.479722e-01; 0.000000e+00; 1.162171e+00; 0.000000e+00; 1.000000e+02; 1.000000e-01; 2.000000e-02
1.345029e-01; 2.332193e+00; 1.000000e+00; 1.479574e-01; 0.000000e+00; 1.162055e+00; 0.000000e+00; 1.000000e+02; 1.000000e-01; 2.000000e-02
1.403509e-01; 2.332267e+00; 1.000000e+00; 1.479528e-01; 0.000000e+00; 1.162019e+00; 0.000000e+00; 1.000000e+02; 1.000000e-01; 2.000000e-02
1.403509e-01; 2.332240e+00; 1.000000e+00; 1.479499e-01; 0.000000e+00; 1.161995e+00; 0.000000e+00; 1.000000e+02; 1.000000e-01; 2.000000e-02
1.403509e-01; 2.332370e+00; 1.000000e+00; 1.479642e-01; 0.000000e+00; 1.162108e+00; 0.000000e+00; 1.000000e+02; 1.000000e-01; 2.000000e-02
1.403509e-01; 2.332310e+00; 1.000000e+00; 1.479576e-01; 0.000000e+00; 1.162056e+00; 0.000000e+00; 1.000000e+02; 1.000000e-01; 2.000000e-02
1.461988e-01; 2.332185e+00; 1.000000e+00; 1.479437e-01; 0.000000e+00; 1.161947e+00; 0.000000e+00; 1.000000e+02; 1.000000e-01; 2.000000e-02
1.461988e-01; 2.332224e+00; 1.000000e+00; 1.479481e-01; 0.000000e+00; 1.161982e+00; 0.000000e+00; 1.000000e+02; 1.000000e-01; 2.000000e-02
1.461988e-01; 2.332186e+00; 1.000000e+00; 1.479438e-01; 0.000000e+00; 1.161948e+00; 0.000000e+00; 1.000000e+02; 1.000000e-01; 2.000000e-02
1.520468e-01; 2.332330e+00; 1.000000e+00; 1.479471e-01; 0.000000e+00; 1.161973e+00; 0.000000e+00; 1.000000e+02; 1.000000e-01; 2.000000e-02
1.520468e-01; 2.332401e+00; 1.000000e+00; 1.479549e-01; 0.000000e+00; 1.162035e+00; 0.000000e+00; 1.000000e+02; 1.000000e-01; 2.000000e-02
1.520468e-01; 2.332332e+00; 1.000000e+00; 1.479472e-01; 0.000000e+00; 1.161975e+00; 0.000000e+00; 1.000000e+02; 1.000000e-01; 2.000000e-02
1.520468e-01; 2.332217e+00; 1.000000e+00; 1.479345e-01; 0.000000e+00; 1.161875e+00; 0.000000e+00; 1.000000e+02; 1.000000e-01; 2.000000e-02
1.520468e-01; 2.332169e+00; 1.000000e+00; 1.479292e-01; 0.000000e+00; 1.161833e+00; 0.000000e+00; 1.000000e+02; 1.000000e-01; 2.000000e-02
1.578947e-01; 2.332300e+00; 1.000000e+00; 1.479437e-01; 0.000000e+00; 1.161947e+00; 0.000000e+00; 1.000000e+02; 1.000000e-01; 2.000000e-02
1.578947e-01; 2.332251e+00; 1.000000e+00; 1.479383e-01; 0.000000e+00; 1.161905e+00; 0.000000e+00; 1.000000e+02; 1.000000e-01; 2.000000e-02
1.578947e-01; 2.332116e+00; 1.000000e+00; 1.479233e-01; 0.000000e+00; 1.161787e+00; 0.000000e+00; 1.000000e+02; 1.000000e-01; 2.000000e-02
1.637427e-01; 2.332161e+00; 1.000000e+00; 1.479155e-01; 0.000000e+00; 1.161726e+00; 0.000000e+00; 1.000000e+02; 1.000000e-01; 2.000000e-02
1.637427e-01; 2.332140e+00; 1.000000e+00; 1.479131e-01; 0.000000e+00; 1.161707e+00; 0.000000e+00; 1.000000e+02; 1.000000e-01; 2.000000e-02
1.637427e-01; 2.332267e+00; 1.000000e+00; 1.479272e-01; 0.000000e+00; 1.161818e+00; 0.000000e+00; 1.000000e+02; 1.000000e-01; 2.000000e-02
1.695906e-01; 2.332344e+00; 1.000000e+00; 1.479358e-01; 0.000000e+00; 1.161885e+00; 0.000000e+00; 1.000000e+02; 1.000000e-01; 2.000000e-02
1.695906e-01; 2.332274e+00; 1.000000e+00; 1.479280e-01; 0.000000e+00; 1.161824e+00; 0.000000e+00; 1.000000e+02; 1.000000e-01; 2.000000e-02
1.695906e-01; 2.332148e+00; 1.000000e+00; 1.479140e-01; 0.000000e+00; 1.161714e+00; 0.000000e+00; 1.000000e+02; 1.000000e-01; 2.000000e-02
1.695906e-01; 2.332085e+00; 1.000000e+00; 1.479071e-01; 0.000000e+00; 1.161659e+00; 0.000000e+00; 1.000000e+02; 1.000000e-01; 2.000000e-02
1.754386e-01; 2.332224e+00; 1.000000e+00; 1.479097e-01; 0.000000e+00; 1.161680e+00; 0.000000e+00; 1.000000e+02; 1.000000e-01; 2.000000e-02
1.754386e-01; 2.332298e+00; 1.000000e+00; 1.479179e-01; 0.000000e+00; 1.161745e+00; 0.000000e+00; 1.000000e+02; 1.000000e-01; 2.000000e-02
1.754386e-01; 2.332257e+00; 1.000000e+00; 1.479134e-01; 0.000000e+00; 1.161709e+00; 0.000000e+00; 1.000000e+02; 1.000000e-01; 2.000000e-02
1.812865e-01; 2.332150e+00; 3.662493e+00; 1.479014e-01; 0.000000e+00; 1.161615e+00; 0.000000e+00; 1.000000e+02; 1.000000e-01; 2.000000e-02
1.812865e-01; 2.332179e+00; 3.662493e+00; 1.479047e-01; 0.000000e+00; 1.161640e+00; 0.000000e+00; 1.000000e+02; 1.000000e-01; 2.000000e-02
1.812865e-01; 2.332108e+00; 3.662493e+00; 1.478967e-01; 0.000000e+00; 1.161578e+00; 0.000000e+00; 1.000000e+02; 1.000000e-01; 2.000000e-02
1.812865e-01; 2.332151e+00; 3.662493e+00; 1.479016e-01; 0.000000e+00; 1.161616e+00; 0.000000e+00; 1.000000e+02; 1.000000e-01; 2.000000e-02
1.812865e-01; 2.332014e+00; 3.662493e+00; 1.478863e-01; 0.000000e+00; 1.161496e+00; 0.000000e+00; 1.000000e+02; 1.000000e-01; 2.000000e-02
1.871345e-01; 2.332081e+00; 3.662846e+00; 1.478810e-01; 0.000000e+00; 1.161455e+00; 0.000000e+00; 1.000000e+02; 1.000000e-01; 2.000000e-02
1.871345e-01; 2.332066e+00; 3.662846e+00; 1.478793e-01; 0.000000e+00; 1.161441e+00; 0.000000e+00; 1.000000e+02; 1.000000e-01; 2.000000e-02
1.871345e-01; 2.332190e+00; 3.662846e+00; 1.478931e-01; 0.000000e+00; 1.161550e+00; 0.000000e+00; 1.000000e+02; 1.000000e-01; 2.000000e-02
1.929825e-01; 2.332238e+00; 3.662487e+00; 1.478985e-01; 0.000000e+00; 1.161592e+00; 0.000000e+00; 1.000000e+02; 1.000000e-01; 2.000000e-02
1.929825e-01; 2.332173e+00; 3.662487e+00; 1.478913e-01; 0.000000e+00; 1.161535e+00; 0.000000e+00; 1.000000e+02; 1.000000e-01; 2.000000e-02
1.929825e-01; 2.332045e+00; 3.662487e+00; 1.478770e-01; 0.000000e+00; 1.161423e+00; 0.000000e+00; 1.000000e+02; 1.000000e-01; 2.000000e-02
1.929825e-01; 2.332011e+00; 3.662487e+00; 1.478732e-01; 0.000000e+00; 1.161394e+00; 0.000000e+00; 1.000000e+02; 1.000000e-01; 2.000000e-02
1.988304e-01; 2.332144e+00; 3.662779e+00; 1.478753e-01; 0.000000e+00; 1.161410e+00; 0.000000e+00; 1.000000e+02; 1.000000e-01; 2.000000e-02
1.988304e-01; 2.332221e+00; 3.662779e+00; 1.478838e-01; 0.000000e+00; 1.161477e+00; 0.000000e+00; 1.000000e+02; 1.000000e-01; 2.000000e-02
1.988304e-01; 2.332157e+00; 3.662779e+00; 1.478767e-01; 0.000000e+00; 1.161421e+00; 0.000000e+00; 1.000000e+02; 1.000000e-01; 2.000000e-02
2.046784e-01; 2.332044e+00; 3.662339e+00; 1.478641e-01; 0.000000e+00; 1.161322e+00; 0.000000e+00; 1.000000e+02; 1.000000e-01; 2.000000e-02
2.046784e-01; 2.332076e+00; 3.662339e+00; 1.478677e-01; 0.000000e+00; 1.161350e+00; 0.000000e+00; 1.000000e+02; 1.000000e-01; 2.000000e-02
2.046784e-01; 2.332033e+00; 3.662339e+00; 1.478629e-01; 0.000000e+00; 1.161313e+00; 0.000000e+00; 1.000000e+02; 1.000000e-01; 2.000000e-02
2.046784e-01; 2.332176e+00; 3.662339e+00; 1.478788e-01; 0.000000e+00; 1.161437e+00; 0.000000e+00; 1.000000e+02; 1.000000e-01; 2.000000e-02
2.105263e-01; 2.332214e+00; 3.662641e+00; 1.478703e-01; 0.000000e+00; 1.161371e+00; 0.000000e+00; 1.000000e+02; 1.000000e-01; 2.000000e-02
2.105263e-01; 2.332179e+00; 3.662641e+00; 1.478664e-01; 0.000000e+00; 1.161340e+00; 0.000000e+00; 1.000000e+02; 1.000000e-01; 2.000000e-02
2.105263e-01; 2.331965e+00; 3.662641e+00; 1.478426e-01; 0.000000e+00; 1.161153e+00; 0.000000e+00; 1.000000e+02; 1.000000e-01; 2.000000e-02
2.105263e-01; 2.332088e+00; 3.662641e+00; 1.478562e-01; 0.000000e+00; 1.161260e+00; 0.000000e+00; 1.000000e+02; 1.000000e-01; 2.000000e-02
2.163743e-01; 2.332158e+00; 3.662402e+00; 1.478641e-01; 0.000000e+00; 1.161322e+00; 0.000000e+00; 1.000000e+02; 1.000000e-01; 2.000000e-02
2.163743e-01; 2.332099e+00; 3.662402e+00; 1.478575e-01; 0.000000e+00; 1.161270e+00; 0.000000e+00; 1.000000e+02; 1.000000e-01; 2.000000e-02
2.163743e-01; 2.331968e+00; 3.662402e+00; 1.478430e-01; 0.000000e+00; 1.161156e+00; 0.000000e+00; 1.000000e+02; 1.000000e-01; 2.000000e-02
2.222222e-01; 2.332020e+00; 3.662631e+00; 1.478359e-01; 0.000000e+00; 1.161101e+00; 0.000000e+00; 1.000000e+02; 1.000000e-01; 2.000000e-02
2.222222e-01; 2.331988e+00; 3.662631e+00; 1.478323e-01; 0.000000e+00; 1.161072e+00; 0.000000e+00; 1.000000e+02; 1.000000e-01; 2.000000e-02
2.222222e-01; 3.659031e+00; 3.662631e+00; 2.952816e-01; 0.000000e+00; 2.319136e+00; 0.000000e+00; 1.000000e+02; 1.000000e-01; 2.000000e-02
2.222222e-01; 3.659023e+00; 3.662631e+00; 2.952807e-01; 0.000000e+00; 2.319130e+00; 0.000000e+00; 1.000000e+02; 1.000000e-01; 2.000000e-02
2.280702e-01; 2.774703e+00; 3.662331e+00; 1.969848e-01; 0.000000e+00; 1.547115e+00; 0.000000e+00; 1.000000e+02; 1.000000e-01; 2.000000e-02
2.280702e-01; 2.774740e+00; 3.662331e+00; 1.969888e-01; 0.000000e+00; 1.547146e+00; 0.000000e+00; 1.000000e+02; 1.000000e-01; 2.000000e-02
2.280702e-01; 2.774641e+00; 3.662331e+00; 1.969778e-01; 0.000000e+00; 1.547060e+00; 0.000000e+00; 1.000000e+02; 1.000000e-01; 2.000000e-02
2.339181e-01; 2.774876e+00; 3.662487e+00; 1.970195e-01; 0.000000e+00; 1.547388e+00; 0.000000e+00; 1.000000e+02; 1.000000e-01; 2.000000e-02
2.339181e-01; 2.774881e+00; 3.662487e+00; 1.970201e-01; 0.000000e+00; 1.547392e+00; 0.000000e+00; 1.000000e+02; 1.000000e-01; 2.000000e-02
2.339181e-01; 2.774781e+00; 3.662487e+00; 1.970089e-01; 0.000000e+00; 1.547304e+00; 0.000000e+00; 1.000000e+02; 1.000000e-01; 2.000000e-02
2.339181e-01; 2.774456e+00; 3.662487e+00; 1.969729e-01; 0.000000e+00; 1.547021e+00; 0.000000e+00; 1.000000e+02; 1.000000e-01; 2.000000e-02
2.339181e-01; 2.774626e+00; 3.662487e+00; 1.969917e-01; 0.000000e+00; 1.547169e+00; 0.000000e+00; 1.000000e+02; 1.000000e-01; 2.000000e-02
2.397661e-01; 2.774720e+00; 3.662197e+00; 1.969639e-01; 0.000000e+00; 1.546951e+00; 0.000000e+00; 1.000000e+02; 1.000000e-01; 2.000000e-02
2.397661e-01; 2.774739e+00; 3.662197e+00; 1.969660e-01; 0.000000e+00; 1.546967e+00; 0.000000e+00; 1.000000e+02; 1.000000e-01; 2.000000e-02
2.397661e-01; 2.774526e+00; 3.662197e+00; 1.969424e-01; 0.000000e+00; 1.546782e+00; 0.000000e+00; 1.000000e+02; 1.000000e-01; 2.000000e-02
2.456140e-01; 2.774637e+00; 3.662431e+00; 1.969703e-01; 0.000000e+00; 1.547001e+00; 0.000000e+00; 1.000000e+02; 1.000000e-01; 2.000000e-02
2.456140e-01; 2.774475e+00; 3.662431e+00; 1.969523e-01; 0.000000e+00; 1.546859e+00; 0.000000e+00; 1.000000e+02; 1.000000e-01; 2.000000e-02
2.456140e-01; 2.774807e+00; 3.662431e+00; 1.969891e-01; 0.000000e+00; 1.547149e+00; 0.000000e+00; 1.000000e+02; 1.000000e-01; 2.000000e-02
2.456140e-01; 3.661940e+00; 3.662431e+00; 2.955595e-01; 0.000000e+00; 2.321319e+00; 0.000000e+00; 1.000000e+02; 1.000000e-01; 2.000000e-02
2.514620e-01; 3.661831e+00; 3.662183e+00; 2.954808e-01; 0.000000e+00; 2.320701e+00; 0.000000e+00; 1.000000e+02; 1.000000e-01; 2.000000e-02
2.514620e-01; 3.662013e+00; 3.662183e+00; 2.955011e-01; 0.000000e+00; 2.320860e+00; 0.000000e+00; 1.000000e+02; 1.000000e-01; 2.000000e-02
2.514620e-01; 3.661935e+00; 3.662183e+00; 2.954923e-01; 0.000000e+00; 2.320791e+00; 0.000000e+00; 1.000000e+02; 1.000000e-01; 2.000000e-02
2.573099e-01; 3.662242e+00; 3.662150e+00; 2.955420e-01; 0.000000e+00; 2.321182e+00; 0.000000e+00; 1.000000e+02; 1.000000e-01; 2.000000e-02
2.573099e-01; 3.662187e+00; 3.662150e+00; 2.955359e-01; 0.000000e+00; 2.321133e+00; 0.000000e+00; 1.000000e+02; 1.000000e-01; 2.000000e-02
2.573099e-01; 3.662183e+00; 3.662150e+00; 2.955354e-01; 0.000000e+00; 2.321129e+00; 0.000000e+00; 1.000000e+02; 1.000000e-01; 2.000000e-02
2.573099e-01; 3.661875e+00; 3.662150e+00; 2.955012e-01; 0.000000e+00; 2.320861e+00; 0.000000e+00; 1.000000e+02; 1.000000e-01; 2.000000e-02
2.631579e-01; 3.662006e+00; 3.662044e+00; 2.954492e-01; 0.000000e+00; 2.320452e+00; 0.000000e+00; 1.000000e+02; 1.000000e-01; 2.000000e-02
2.631579e-01; 3.662132e+00; 3.662044e+00; 2.954632e-01; 0.000000e+00; 2.320563e+00; 0.000000e+00; 1.000000e+02; 1.000000e-01; 2.000000e-02
2.631579e-01; 3.662254e+00; 3.662044e+00; 2.954768e-01; 0.000000e+00; 2.320669e+00; 0.000000e+00; 1.000000e+02; 1.000000e-01; 2.000000e-02
2.631579e-01; 3.661961e+00; 3.662044e+00; 2.954442e-01; 0.000000e+00; 2.320413e+00; 0.000000e+00; 1.000000e+02; 1.000000e-01; 2.000000e-02
2.690058e-01; 3.662041e+00; 3.662346e+00; 2.954687e-01; 0.000000e+00; 2.320606e+00; 0.000000e+00; 1.000000e+02; 1.000000e-01; 2.000000e-02
2.690058e-01; 3.661903e+00; 3.662346e+00; 2.954533e-01; 0.000000e+00; 2.320485e+00; 0.000000e+00; 1.000000e+02; 1.000000e-01; 2.000000e-02
2.690058e-01; 3.662085e+00; 3.662346e+00; 2.954736e-01; 0.000000e+00; 2.320644e+00; 0.000000e+00; 1.000000e+02; 1.000000e-01; 2.000000e-02
2.748538e-01; 3.662240e+00; 3.661983e+00; 2.954242e-01; 0.000000e+00; 2.320257e+00; 0.000000e+00; 1.000000e+02; 1.000000e-01; 2.000000e-02
2.748538e-01; 3.662363e+00; 3.661983e+00; 2.954379e-01; 0.000000e+00; 2.320364e+00; 0.000000e+00; 1.000000e+02; 1.000000e-01; 2.000000e-02
2.748538e-01; 3.662009e+00; 3.661983e+00; 2.953985e-01; 0.000000e+00; 2.320054e+00; 0.000000e+00; 1.000000e+02; 1.000000e-01; 2.000000e-02
2.748538e-01; 3.661849e+00; 3.661983e+00; 2.953808e-01; 0.000000e+00; 2.319915e+00; 0.000000e+00; 1.000000e+02; 1.000000e-01; 2.000000e-02
2.807018e-01; 3.662320e+00; 3.662327e+00; 2.954486e-01; 0.000000e+00; 2.320448e+00; 0.000000e+00; 1.000000e+02; 1.000000e-01; 2.000000e-02
2.807018e-01; 3.662260e+00; 3.662327e+00; 2.954420e-01; 0.000000e+00; 2.320396e+00; 0.000000e+00; 1.000000e+02; 1.000000e-01; 2.000000e-02
2.807018e-01; 3.662264e+00; 3.662327e+00; 2.954424e-01; 0.000000e+00; 2.320400e+00; 0.000000e+00; 1.000000e+02; 1.000000e-01; 2.000000e-02
2.865497e-01; 3.662100e+00; 3.661840e+00; -1.086734e-04; 0.000000e+00; -8.535188e-04; 0.000000e+00; 1.000000e+02; 1.000000e-01; 2.000000e-02
2.865497e-01; 4.548555e+00; 3.661840e+00; 9.838635e-02; 0.000000e+00; 7.727246e-01; 0.000000e+00; 1.000000e+02; 1.000000e-01; 2.000000e-02
2.865497e-01; 4.548483e+00; 3.661840e+00; 9.837829e-02; 0.000000e+00; 7.726613e-01; 0.000000e+00; 1.000000e+02; 1.000000e-01; 2.000000e-02
2.865497e-01; 4.548728e+00; 3.661840e+00; 9.840553e-02; 0.000000e+00; 7.728753e-01; 0.000000e+00; 1.000000e+02; 1.000000e-01; 2.000000e-02
2.865497e-01; 4.548470e+00; 3.661840e+00; 9.837689e-02; 0.000000e+00; 7.726503e-01; 0.000000e+00; 1.000000e+02; 1.000000e-01; 2.000000e-02
2.923977e-01; 4.548482e+00; 3.662193e+00; 9.835732e-02; 0.000000e+00; 7.724966e-01; 0.000000e+00; 1.000000e+02; 1.000000e-01; 2.000000e-02
2.923977e-01; 4.548520e+00; 3.662193e+00; 9.836161e-02; 0.000000e+00; 7.725303e-01; 0.000000e+00; 1.000000e+02; 1.000000e-01; 2.000000e-02
2.923977e-01; 4.548752e+00; 3.662193e+00; 9.838736e-02; 0.000000e+00; 7.727325e-01; 0.000000e+00; 1.000000e+02; 1.000000e-01; 2.000000e-02
2.982456e-01; 4.548856e+00; 3.661835e+00; 9.841464e-02; 0.000000e+00; 7.729468e-01; 0.000000e+00; 1.000000e+02; 1.000000e-01; 2.000000e-02
2.982456e-01; 4.548779e+00; 3.661835e+00; 9.840618e-02; 0.000000e+00; 7.728803e-01; 0.000000e+00; 1.000000e+02; 1.000000e-01; 2.000000e-02
2.982456e-01; 4.548551e+00; 3.661835e+00; 9.838083e-02; 0.000000e+00; 7.726813e-01; 0.000000e+00; 1.000000e+02; 1.000000e-01; 2.000000e-02
2.982456e-01; 4.548405e+00; 3.661835e+00; 9.836462e-02; 0.000000e+00; 7.725539e-01; 0.000000e+00; 1.000000e+02; 1.000000e-01; 2.000000e-02
3.040936e-01; 4.548703e+00; 3.662127e+00; 9.838362e-02; 0.000000e+00; 7.727031e-01; 0.000000e+00; 1.000000e+02; 1.000000e-01; 2.000000e-02
3.040936e-01; 4.548763e+00; 3.662127e+00; 9.839024e-02; 0.000000e+00; 7.727551e-01; 0.000000e+00; 1.000000e+02; 1.000000e-01; 2.000000e-02
3.040936e-01; 4.548809e+00; 3.662127e+00; 9.839537e-02; 0.000000e+00; 7.727954e-01; 0.000000e+00; 1.000000e+02; 1.000000e-01; 2.000000e-02
3.099415e-01; 4.548558e+00; 3.662165e+00; 9.839230e-02; 0.000000e+00; 7.727713e-01; 0.000000e+00; 1.000000e+02; 1.000000e-01; 2.000000e-02
3.099415e-01; 4.548497e+00; 3.662165e+00; 9.838561e-02; 0.000000e+00; 7.727188e-01; 0.000000e+00; 1.000000e+02; 1.000000e-01; 2.000000e-02
3.099415e-01; 4.548418e+00; 3.662165e+00; 9.837682e-02; 0.000000e+00; 7.726497e-01; 0.000000e+00; 1.000000e+02; 1.000000e-01; 2.000000e-02
3.099415e-01; 4.548610e+00; 3.662165e+00; 9.839808e-02; 0.000000e+00; 7.728167e-01; 0.000000e+00; 1.000000e+02; 1.000000e-01; 2.000000e-02
3.157895e-01; 4.548391e+00; 3.661988e+00; 9.835869e-02; 0.000000e+00; 7.725073e-01; 0.000000e+00; 1.000000e+02; 1.000000e-01; 2.000000e-02
3.157895e-01; 4.548448e+00; 3.661988e+00; 9.836498e-02; 0.000000e+00; 7.725567e-01; 0.000000e+00; 1.000000e+02; 1.000000e-01; 2.000000e-02
3.157895e-01; 4.548393e+00; 3.661988e+00; 9.835886e-02; 0.000000e+00; 7.725087e-01; 0.000000e+00; 1.000000e+02; 1.000000e-01; 2.000000e-02
3.157895e-01; 4.548640e+00; 3.661988e+00; 9.838637e-02; 0.000000e+00; 7.727247e-01; 0.000000e+00; 1.000000e+02; 1.000000e-01; 2.000000e-02
3.216374e-01; 4.548765e+00; 3.661750e+00; 9.840272e-02; 0.000000e+00; 7.728532e-01; 0.000000e+00; 1.000000e+02; 1.000000e-01; 2.000000e-02
3.216374e-01; 4.548731e+00; 3.661750e+00; 9.839897e-02; 0.000000e+00; 7.728237e-01; 0.000000e+00; 1.000000e+02; 1.000000e-01; 2.000000e-02
3.216374e-01; 4.548460e+00; 3.661750e+00; 9.836880e-02; 0.000000e+00; 7.725867e-01; 0.000000e+00; 1.000000e+02; 1.000000e-01; 2.000000e-02
3.274854e-01; 4.548487e+00; 6.312314e+00; 9.836476e-02; 0.000000e+00; 7.725550e-01; 0.000000e+00; 1.000000e+02; 1.000000e-01; 2.000000e-02
3.274854e-01; 4.548476e+00; 6.312314e+00; 9.836362e-02; 0.000000e+00; 7.725461e-01; 0.000000e+00; 1.000000e+02; 1.000000e-01; 2.000000e-02
3.274854e-01; 4.548875e+00; 6.312314e+00; 9.840796e-02; 0.000000e+00; 7.728943e-01; 0.000000e+00; 1.000000e+02; 1.000000e-01; 2.000000e-02
3.274854e-01; 4.548803e+00; 6.312314e+00; 9.839991e-02; 0.000000e+00; 7.728311e-01; 0.000000e+00; 1.000000e+02; 1.000000e-01; 2.000000e-02
3.333333e-01; 4.548475e+00; 4.546115e+00; 9.837267e-02; 0.000000e+00; 7.726171e-01; 0.000000e+00; 1.000000e+02; 1.000000e-01; 2.000000e-02
3.333333e-01; 4.548463e+00; 4.546115e+00; 9.837135e-02; 0.000000e+00; 7.726068e-01; 0.000000e+00; 1.000000e+02; 1.000000e-01; 2.000000e-02
3.333333e-01; 4.548362e+00; 4.546115e+00; 9.836014e-02; 0.000000e+00; 7.725187e-01; 0.000000e+00; 1.000000e+02; 1.000000e-01; 2.000000e-02
3.391813e-01; 4.548618e+00; 4.546365e+00; 9.838957e-02; 0.000000e+00; 7.727499e-01; 0.000000e+00; 1.000000e+02; 1.000000e-01; 2.000000e-02
3.391813e-01; 4.548627e+00; 4.546365e+00; 9.839065e-02; 0.000000e+00; 7.727583e-01; 0.000000e+00; 1.000000e+02; 1.000000e-01; 2.000000e-02
3.391813e-01; 4.548693e+00; 4.546365e+00; 9.839797e-02; 0.000000e+00; 7.728159e-01; 0.000000e+00; 1.000000e+02; 1.000000e-01; 2.000000e-02
3.391813e-01; 4.548434e+00; 4.546365e+00; 9.836918e-02; 0.000000e+00; 7.725898e-01; 0.000000e+00; 1.000000e+02; 1.000000e-01; 2.000000e-02
3.391813e-01; 4.548663e+00; 4.546365e+00; 9.839467e-02; 0.000000e+00; 7.727899e-01; 0.000000e+00; 1.000000e+02; 1.000000e-01; 2.000000e-02
3.450292e-01; 4.548652e+00; 4.545885e+00; 9.840155e-02; 0.000000e+00; 7.728440e-01; 0.000000e+00; 1.000000e+02; 1.000000e-01; 2.000000e-02
3.450292e-01; 4.548604e+00; 4.545885e+00; 9.839618e-02; 0.000000e+00; 7.728018e-01; 0.000000e+00; 1.000000e+02; 1.000000e-01; 2.000000e-02
3.450292e-01; 4.548348e+00; 4.545885e+00; 9.836781e-02; 0.000000e+00; 7.725789e-01; 0.000000e+00; 1.000000e+02; 1.000000e-01; 2.000000e-02
3.508772e-01; 4.548328e+00; 6.318544e+00; 9.835811e-02; 0.000000e+00; 7.725028e-01; 0.000000e+00; 1.000000e+02; 1.000000e-01; 2.000000e-02
3.508772e-01; 4.548322e+00; 6.318544e+00; 9.835741e-02; 0.000000e+00; 7.724973e-01; 0.000000e+00; 1.000000e+02; 1.000000e-01; 2.000000e-02
3.508772e-01; 4.548581e+00; 6.318544e+00; 9.838617e-02; 0.000000e+00; 7.727232e-01; 0.000000e+00; 1.000000e+02; 1.000000e-01; 2.000000e-02
3.508772e-01; 4.548558e+00; 6.318544e+00; 9.838365e-02; 0.000000e+00; 7.727034e-01; 0.000000e+00; 1.000000e+02; 1.000000e-01; 2.000000e-02
3.567251e-01; 4.548234e+00; 6.318101e+00; 9.835109e-02; 0.000000e+00; 7.724477e-01; 0.000000e+00; 1.000000e+02; 1.000000e-01; 2.000000e-02
3.567251e-01; 4.548241e+00; 6.318101e+00; 9.835184e-02; 0.000000e+00; 7.724536e-01; 0.000000e+00; 1.000000e+02; 1.000000e-01; 2.000000e-02
3.567251e-01; 4.548164e+00; 6.318101e+00; 9.834329e-02; 0.000000e+00; 7.723864e-01; 0.000000e+00; 1.000000e+02; 1.000000e-01; 2.000000e-02
3.625731e-01; 4.548535e+00; 6.318415e+00; 9.840649e-02; 0.000000e+00; 7.728828e-01; 0.000000e+00; 1.000000e+02; 1.000000e-01; 2.000000e-02
3.625731e-01; 4.548483e+00; 6.318415e+00; 9.840075e-02; 0.000000e+00; 7.728377e-01; 0.000000e+00; 1.000000e+02; 1.000000e-01; 2.000000e-02
3.625731e-01; 4.548527e+00; 6.318415e+00; 9.840565e-02; 0.000000e+00; 7.728762e-01; 0.000000e+00; 1.000000e+02; 1.000000e-01; 2.000000e-02
3.625731e-01; 4.548232e+00; 6.318415e+00; 9.837283e-02; 0.000000e+00; 7.726184e-01; 0.000000e+00; 1.000000e+02; 1.000000e-01; 2.000000e-02
3.684211e-01; 4.989053e+00; 6.318154e+00; 1.473407e-01; 0.000000e+00; 1.157211e+00; 0.000000e+00; 1.000000e+02; 1.000000e-01; 2.000000e-02
3.684211e-01; 4.989163e+00; 6.318154e+00; 1.473529e-01; 0.000000e+00; 1.157307e+00; 0.000000e+00; 1.000000e+02; 1.000000e-01; 2.000000e-02
3.684211e-01; 4.989118e+00; 6.318154e+00; 1.473479e-01; 0.000000e+00; 1.157268e+00; 0.000000e+00; 1.000000e+02; 1.000000e-01; 2.000000e-02
3.684211e-01; 4.695300e+00; 6.318154e+00; 1.147015e-01; 0.000000e+00; 9.008636e-01; 0.000000e+00; 1.000000e+02; 1.000000e-01; 2.000000e-02
3.742690e-01; 4.695241e+00; 6.318835e+00; 1.146779e-01; 0.000000e+00; 9.006778e-01; 0.000000e+00; 1.000000e+02; 1.000000e-01; 2.000000e-02
3.742690e-01; 4.695257e+00; 6.318835e+00; 1.146796e-01; 0.000000e+00; 9.006913e-01; 0.000000e+00; 1.000000e+02; 1.000000e-01; 2.000000e-02
3.742690e-01; 4.695465e+00; 6.318835e+00; 1.147027e-01; 0.000000e+00; 9.008730e-01; 0.000000e+00; 1.000000e+02; 1.000000e-01; 2.000000e-02
3.801170e-01; 4.695501e+00; 6.317931e+00; 1.147230e-01; 0.000000e+00; 9.010322e-01; 0.000000e+00; 1.000000e+02; 1.000000e-01; 2.000000e-02
3.801170e-01; 4.695410e+00; 6.317931e+00; 1.147128e-01; 0.000000e+00; 9.009526e-01; 0.000000e+00; 1.000000e+02; 1.000000e-01; 2.000000e-02
3.801170e-01; 4.695200e+00; 6.317931e+00; 1.146895e-01; 0.000000e+00; 9.007692e-01; 0.000000e+00; 1.000000e+02; 1.000000e-01; 2.000000e-02
3.801170e-01; 4.695121e+00; 6.317931e+00; 1.146807e-01; 0.000000e+00; 9.006998e-01; 0.000000e+00; 1.000000e+02; 1.000000e-01; 2.000000e-02
3.859649e-01; 4.695458e+00; 6.319193e+00; 1.146964e-01; 0.000000e+00; 9.008231e-01; 0.000000e+00; 1.000000e+02; 1.000000e-01; 2.000000e-02
3.859649e-01; 4.695545e+00; 6.319193e+00; 1.147060e-01; 0.000000e+00; 9.008989e-01; 0.000000e+00; 1.000000e+02; 1.000000e-01; 2.000000e-02
3.859649e-01; 4.695606e+00; 6.319193e+00; 1.147128e-01; 0.000000e+00; 9.009525e-01; 0.000000e+00; 1.000000e+02; 1.000000e-01; 2.000000e-02
3.918129e-01; 4.695363e+00; 5.433251e+00; 1.147158e-01; 0.000000e+00; 9.009756e-01; 0.000000e+00; 1.000000e+02; 1.000000e-01; 2.000000e-02
3.918129e-01; 4.695290e+00; 5.433251e+00; 1.147077e-01; 0.000000e+00; 9.009123e-01; 0.000000e+00; 1.000000e+02; 1.000000e-01; 2.000000e-02
3.918129e-01; 4.695176e+00; 5.433251e+00; 1.146950e-01; 0.000000e+00; 9.008127e-01; 0.000000e+00; 1.000000e+02; 1.000000e-01; 2.000000e-02
3.918129e-01; 4.695449e+00; 5.433251e+00; 1.147253e-01; 0.000000e+00; 9.010505e-01; 0.000000e+00; 1.000000e+02; 1.000000e-01; 2.000000e-02
3.918129e-01; 4.105443e+00; 5.433251e+00; 4.916913e-02; 0.000000e+00; 3.861734e-01; 0.000000e+00; 1.000000e+02; 1.000000e-01; 2.000000e-02
3.976608e-01; 4.400343e+00; 5.433588e+00; 8.191923e-02; 0.000000e+00; 6.433921e-01; 0.000000e+00; 1.000000e+02; 1.000000e-01; 2.000000e-02
3.976608e-01; 4.400398e+00; 5.433588e+00; 8.192544e-02; 0.000000e+00; 6.434409e-01; 0.000000e+00; 1.000000e+02; 1.000000e-01; 2.000000e-02
3.976608e-01; 4.400570e+00; 5.433588e+00; 8.194452e-02; 0.000000e+00; 6.435907e-01; 0.000000e+00; 1.000000e+02; 1.000000e-01; 2.000000e-02
4.035088e-01; 4.400673e+00; 5.433127e+00; 8.196914e-02; 0.000000e+00; 6.437841e-01; 0.000000e+00; 1.000000e+02; 1.000000e-01; 2.000000e-02
4.035088e-01; 4.400628e+00; 5.433127e+00; 8.196418e-02; 0.000000e+00; 6.437452e-01; 0.000000e+00; 1.000000e+02; 1.000000e-01; 2.000000e-02
4.035088e-01; 4.400426e+00; 5.433127e+00; 8.194164e-02; 0.000000e+00; 6.435681e-01; 0.000000e+00; 1.000000e+02; 1.000000e-01; 2.000000e-02
4.035088e-01; 4.400162e+00; 5.433127e+00; 8.191235e-02; 0.000000e+00; 6.433381e-01; 0.000000e+00; 1.000000e+02; 1.000000e-01; 2.000000e-02
4.093567e-01; 4.400434e+00; 5.433768e+00; 8.193275e-02; 0.000000e+00; 6.434983e-01; 0.000000e+00; 1.000000e+02; 1.000000e-01; 2.000000e-02
4.093567e-01; 4.400460e+00; 5.433768e+00; 8.193572e-02; 0.000000e+00; 6.435217e-01; 0.000000e+00; 1.000000e+02; 1.000000e-01; 2.000000e-02
4.093567e-01; 4.400621e+00; 5.433768e+00; 8.195354e-02; 0.000000e+00; 6.436616e-01; 0.000000e+00; 1.000000e+02; 1.000000e-01; 2.000000e-02
4.152047e-01; 4.400357e+00; 5.433683e+00; 8.189344e-02; 0.000000e+00; 6.431895e-01; 0.000000e+00; 1.000000e+02; 1.000000e-01; 2.000000e-02
4.152047e-01; 4.400448e+00; 5.433683e+00; 8.190353e-02; 0.000000e+00; 6.432688e-01; 0.000000e+00; 1.000000e+02; 1.000000e-01; 2.000000e-02
4.152047e-01; 4.400290e+00; 5.433683e+00; 8.188600e-02; 0.000000e+00; 6.431311e-01; 0.000000e+00; 1.000000e+02; 1.000000e-01; 2.000000e-02
4.152047e-01; 4.400460e+00; 5.433683e+00; 8.190487e-02; 0.000000e+00; 6.432794e-01; 0.000000e+00; 1.000000e+02; 1.000000e-01; 2.000000e-02
4.210526e-01; 4.400243e+00; 5.433569e+00; 8.192299e-02; 0.000000e+00; 6.434217e-01; 0.000000e+00; 1.000000e+02; 1.000000e-01; 2.000000e-02
4.210526e-01; 4.400116e+00; 5.433569e+00; 8.190889e-02; 0.000000e+00; 6.433109e-01; 0.000000e+00; 1.000000e+02; 1.000000e-01; 2.000000e-02
4.210526e-01; 4.104624e+00; 5.433569e+00; 4.907641e-02; 0.000000e+00; 3.854452e-01; 0.000000e+00; 1.000000e+02; 1.000000e-01; 2.000000e-02
4.210526e-01; 4.104896e+00; 5.433569e+00; 4.910672e-02; 0.000000e+00; 3.856833e-01; 0.000000e+00; 1.000000e+02; 1.000000e-01; 2.000000e-02
4.269006e-01; 4.105183e+00; 5.433320e+00; 4.914098e-02; 0.000000e+00; 3.859523e-01; 0.000000e+00; 1.000000e+02; 1.000000e-01; 2.000000e-02
4.269006e-01; 4.105169e+00; 5.433320e+00; 4.913944e-02; 0.000000e+00; 3.859403e-01; 0.000000e+00; 1.000000e+02; 1.000000e-01; 2.000000e-02
4.269006e-01; 3.514967e+00; 5.433320e+00; -1.643853e-02; 0.000000e+00; -1.291079e-01; 0.000000e+00; 1.000000e+02; 1.000000e-01; 2.000000e-02
4.327485e-01; 3.514831e+00; 5.433905e+00; -3.107829e-01; 0.000000e+00; -2.440883e+00; 0.000000e+00; 1.000000e+02; 1.000000e-01; 2.000000e-02
4.327485e-01; 4.397664e+00; 5.433905e+00; -2.126904e-01; 0.000000e+00; -1.670466e+00; 0.000000e+00; 1.000000e+02; 1.000000e-01; 2.000000e-02
4.327485e-01; 4.398170e+00; 5.433905e+00; -2.126341e-01; 0.000000e+00; -1.670024e+00; 0.000000e+00; 1.000000e+02; 1.000000e-01; 2.000000e-02
4.327485e-01; 4.398289e+00; 5.433905e+00; -2.126209e-01; 0.000000e+00; -1.669920e+00; 0.000000e+00; 1.000000e+02; 1.000000e-01; 2.000000e-02
4.385965e-01; 4.397934e+00; 5.433196e+00; -1.649579e-02; 0.000000e+00; -1.295576e-01; 0.000000e+00; 1.000000e+02; 1.000000e-01; 2.000000e-02
4.385965e-01; 3.809519e+00; 5.433196e+00; -8.187524e-02; 0.000000e+00; -6.430466e-01; 0.000000e+00; 1.000000e+02; 1.000000e-01; 2.000000e-02
4.385965e-01; 3.809324e+00; 5.433196e+00; -8.189692e-02; 0.000000e+00; -6.432169e-01; 0.000000e+00; 1.000000e+02; 1.000000e-01; 2.000000e-02
4.444444e-01; 3.809338e+00; 5.433769e+00; -8.191865e-02; 0.000000e+00; -6.433876e-01; 0.000000e+00; 1.000000e+02; 1.000000e-01; 2.000000e-02
4.444444e-01; 3.809409e+00; 5.433769e+00; -8.191080e-02; 0.000000e+00; -6.433259e-01; 0.000000e+00; 1.000000e+02; 1.000000e-01; 2.000000e-02
4.444444e-01; 3.809711e+00; 5.433769e+00; -8.187716e-02; 0.000000e+00; -6.430617e-01; 0.000000e+00; 1.000000e+02; 1.000000e-01; 2.000000e-02
4.444444e-01; 3.809660e+00; 5.433769e+00; -8.188291e-02; 0.000000e+00; -6.431069e-01; 0.000000e+00; 1.000000e+02; 1.000000e-01; 2.000000e-02
4.444444e-01; 3.809853e+00; 5.433769e+00; -8.186143e-02; 0.000000e+00; -6.429381e-01; 0.000000e+00; 1.000000e+02; 1.000000e-01; 2.000000e-02
4.502924e-01; 3.809873e+00; 5.433302e+00; -8.180648e-02; 0.000000e+00; -6.425066e-01; 0.000000e+00; 1.000000e+02; 1.000000e-01; 2.000000e-02
4.502924e-01; 3.809722e+00; 5.433302e+00; -8.182328e-02; 0.000000e+00; -6.426385e-01; 0.000000e+00; 1.000000e+02; 1.000000e-01; 2.000000e-02
4.502924e-01; 3.809608e+00; 5.433302e+00; -8.183595e-02; 0.000000e+00; -6.427380e-01; 0.000000e+00; 1.000000e+02; 1.000000e-01; 2.000000e-02
4.561404e-01; 3.809377e+00; 5.433616e+00; -2.787207e-01; 0.000000e+00; -2.189067e+00; 0.000000e+00; 1.000000e+02; 1.000000e-01; 2.000000e-02
4.561404e-01; 4.399864e+00; 5.433616e+00; -2.131111e-01; 0.000000e+00; -1.673771e+00; 0.000000e+00; 1.000000e+02; 1.000000e-01; 2.000000e-02
4.561404e-01; 4.400264e+00; 5.433616e+00; -2.130666e-01; 0.000000e+00; -1.673421e+00; 0.000000e+00; 1.000000e+02; 1.000000e-01; 2.000000e-02
4.561404e-01; 4.991044e+00; 5.433616e+00; -1.474243e-01; 0.000000e+00; -1.157868e+00; 0.000000e+00; 1.000000e+02; 1.000000e-01; 2.000000e-02
4.619883e-01; 4.990772e+00; 5.432948e+00; -1.474010e-01; 0.000000e+00; -1.157685e+00; 0.000000e+00; 1.000000e+02; 1.000000e-01; 2.000000e-02
4.619883e-01; 4.990606e+00; 5.432948e+00; -1.474194e-01; 0.000000e+00; -1.157829e+00; 0.000000e+00; 1.000000e+02; 1.000000e-01; 2.000000e-02
4.619883e-01; 4.990504e+00; 5.432948e+00; -1.474308e-01; 0.000000e+00; -1.157918e+00; 0.000000e+00; 1.000000e+02; 1.000000e-01; 2.000000e-02
4.678363e-01; 4.990558e+00; 5.433243e+00; -1.474513e-01; 0.000000e+00; -1.158080e+00; 0.000000e+00; 1.000000e+02; 1.000000e-01; 2.000000e-02
4.678363e-01; 4.990634e+00; 5.433243e+00; -1.474428e-01; 0.000000e+00; -1.158013e+00; 0.000000e+00; 1.000000e+02; 1.000000e-01; 2.000000e-02
4.678363e-01; 4.990767e+00; 5.433243e+00; -1.474281e-01; 0.000000e+00; -1.157897e+00; 0.000000e+00; 1.000000e+02; 1.000000e-01; 2.000000e-02
4.678363e-01; 4.990688e+00; 5.433243e+00; -1.474369e-01; 0.000000e+00; -1.157967e+00; 0.000000e+00; 1.000000e+02; 1.000000e-01; 2.000000e-02
4.736842e-01; 4.990844e+00; 5.727195e+00; -1.473861e-01; 0.000000e+00; -1.157568e+00; 0.000000e+00; 1.000000e+02; 1.000000e-01; 2.000000e-02
4.736842e-01; 4.990741e+00; 5.727195e+00; -1.473976e-01; 0.000000e+00; -1.157658e+00; 0.000000e+00; 1.000000e+02; 1.000000e-01; 2.000000e-02
4.736842e-01; 4.990836e+00; 5.727195e+00; -1.473870e-01; 0.000000e+00; -1.157575e+00; 0.000000e+00; 1.000000e+02; 1.000000e-01; 2.000000e-02
4.736842e-01; 4.990752e+00; 5.727195e+00; -1.473964e-01; 0.000000e+00; -1.157648e+00; 0.000000e+00; 1.000000e+02; 1.000000e-01; 2.000000e-02
4.795322e-01; 4.990552e+00; 5.727336e+00; -1.474860e-01; 0.000000e+00; -1.158352e+00; 0.000000e+00; 1.000000e+02; 1.000000e-01; 2.000000e-02
4.795322e-01; 4.990785e+00; 5.727336e+00; -1.474601e-01; 0.000000e+00; -1.158149e+00; 0.000000e+00; 1.000000e+02; 1.000000e-01; 2.000000e-02
4.795322e-01; 4.990973e+00; 5.727336e+00; -1.474392e-01; 0.000000e+00; -1.157985e+00; 0.000000e+00; 1.000000e+02; 1.000000e-01; 2.000000e-02
4.853801e-01; 4.990868e+00; 5.726896e+00; -1.473461e-01; 0.000000e+00; -1.157253e+00; 0.000000e+00; 1.000000e+02; 1.000000e-01; 2.000000e-02
4.853801e-01; 4.990586e+00; 5.726896e+00; -1.473774e-01; 0.000000e+00; -1.157500e+00; 0.000000e+00; 1.000000e+02; 1.000000e-01; 2.000000e-02
4.853801e-01; 4.990292e+00; 5.726896e+00; -1.474100e-01; 0.000000e+00; -1.157756e+00; 0.000000e+00; 1.000000e+02; 1.000000e-01; 2.000000e-02
4.853801e-01; 4.990368e+00; 5.726896e+00; -1.474015e-01; 0.000000e+00; -1.157689e+00; 0.000000e+00; 1.000000e+02; 1.000000e-01; 2.000000e-02
4.912281e-01; 4.990645e+00; 5.727637e+00; -1.475027e-01; 0.000000e+00; -1.158483e+00; 0.000000e+00; 1.000000e+02; 1.000000e-01; 2.000000e-02
4.912281e-01; 4.991037e+00; 5.727637e+00; -1.474592e-01; 0.000000e+00; -1.158142e+00; 0.000000e+00; 1.000000e+02; 1.000000e-01; 2.000000e-02
4.912281e-01; 4.991187e+00; 5.727637e+00; -1.474425e-01; 0.000000e+00; -1.158011e+00; 0.000000e+00; 1.000000e+02; 1.000000e-01; 2.000000e-02
4.970760e-01; 4.991085e+00; 4.548303e+00; -4.907987e-02; 0.000000e+00; -3.854724e-01; 0.000000e+00; 1.000000e+02; 1.000000e-01; 2.000000e-02
4.970760e-01; 4.695990e+00; 4.548303e+00; -8.186814e-02; 0.000000e+00; -6.429909e-01; 0.000000e+00; 1.000000e+02; 1.000000e-01; 2.000000e-02
4.970760e-01; 4.695836e+00; 4.548303e+00; -8.188526e-02; 0.000000e+00; -6.431253e-01; 0.000000e+00; 1.000000e+02; 1.000000e-01; 2.000000e-02
4.970760e-01; 4.695987e+00; 4.548303e+00; -8.186849e-02; 0.000000e+00; -6.429936e-01; 0.000000e+00; 1.000000e+02; 1.000000e-01; 2.000000e-02
4.970760e-01; 4.695856e+00; 4.548303e+00; -8.188308e-02; 0.000000e+00; -6.431082e-01; 0.000000e+00; 1.000000e+02; 1.000000e-01; 2.000000e-02
5.029240e-01; 4.695880e+00; 5.138001e+00; -8.191751e-02; 0.000000e+00; -6.433787e-01; 0.000000e+00; 1.000000e+02; 1.000000e-01; 2.000000e-02
5.029240e-01; 4.696008e+00; 5.138001e+00; -8.190331e-02; 0.000000e+00; -6.432671e-01; 0.000000e+00; 1.000000e+02; 1.000000e-01; 2.000000e-02
5.029240e-01; 4.696246e+00; 5.138001e+00; -8.187685e-02; 0.000000e+00; -6.430592e-01; 0.000000e+00; 1.000000e+02; 1.000000e-01; 2.000000e-02
5.087719e-01; 4.696408e+00; 5.137396e+00; -8.180398e-02; 0.000000e+00; -6.424869e-01; 0.000000e+00; 1.000000e+02; 1.000000e-01; 2.000000e-02
5.087719e-01; 4.696263e+00; 5.137396e+00; -8.182003e-02; 0.000000e+00; -6.426130e-01; 0.000000e+00; 1.000000e+02; 1.000000e-01; 2.000000e-02
5.087719e-01; 4.695942e+00; 5.137396e+00; -8.185577e-02; 0.000000e+00; -6.428937e-01; 0.000000e+00; 1.000000e+02; 1.000000e-01; 2.000000e-02
5.087719e-01; 4.695733e+00; 5.137396e+00; -8.187895e-02; 0.000000e+00; -6.430757e-01; 0.000000e+00; 1.000000e+02; 1.000000e-01; 2.000000e-02
5.146199e-01; 4.842709e+00; 5.138169e+00; -6.561923e-02; 0.000000e+00; -5.153722e-01; 0.000000e+00; 1.000000e+02; 1.000000e-01; 2.000000e-02
5.146199e-01; 4.842922e+00; 5.138169e+00; -6.559551e-02; 0.000000e+00; -5.151859e-01; 0.000000e+00; 1.000000e+02; 1.000000e-01; 2.000000e-02
5.146199e-01; 4.843091e+00; 5.138169e+00; -6.557672e-02; 0.000000e+00; -5.150383e-01; 0.000000e+00; 1.000000e+02; 1.000000e-01; 2.000000e-02
5.204678e-01; 4.745290e+00; 5.137661e+00; -7.643185e-02; 0.000000e+00; -6.002943e-01; 0.000000e+00; 1.000000e+02; 1.000000e-01; 2.000000e-02
5.204678e-01; 4.745242e+00; 5.137661e+00; -7.643718e-02; 0.000000e+00; -6.003362e-01; 0.000000e+00; 1.000000e+02; 1.000000e-01; 2.000000e-02
5.204678e-01; 4.745105e+00; 5.137661e+00; -7.645241e-02; 0.000000e+00; -6.004558e-01; 0.000000e+00; 1.000000e+02; 1.000000e-01; 2.000000e-02
5.204678e-01; 4.745178e+00; 5.137661e+00; -7.644428e-02; 0.000000e+00; -6.003920e-01; 0.000000e+00; 1.000000e+02; 1.000000e-01; 2.000000e-02
5.263158e-01; 4.745153e+00; 4.547130e+00; -7.643334e-02; 0.000000e+00; -6.003060e-01; 0.000000e+00; 1.000000e+02; 1.000000e-01; 2.000000e-02
5.263158e-01; 4.745104e+00; 4.547130e+00; -7.643870e-02; 0.000000e+00; -6.003481e-01; 0.000000e+00; 1.000000e+02; 1.000000e-01; 2.000000e-02
5.263158e-01; 4.745068e+00; 4.547130e+00; -7.644271e-02; 0.000000e+00; -6.003796e-01; 0.000000e+00; 1.000000e+02; 1.000000e-01; 2.000000e-02
5.263158e-01; 4.745186e+00; 4.547130e+00; -7.642963e-02; 0.000000e+00; -6.002769e-01; 0.000000e+00; 1.000000e+02; 1.000000e-01; 2.000000e-02
5.321637e-01; 4.745414e+00; 3.368542e+00; -7.637450e-02; 0.000000e+00; -5.998439e-01; 0.000000e+00; 1.000000e+02; 1.000000e-01; 2.000000e-02
5.321637e-01; 4.745340e+00; 3.368542e+00; -7.638267e-02; 0.000000e+00; -5.999081e-01; 0.000000e+00; 1.000000e+02; 1.000000e-01; 2.000000e-02
5.321637e-01; 4.745240e+00; 3.368542e+00; -7.639383e-02; 0.000000e+00; -5.999957e-01; 0.000000e+00; 1.000000e+02; 1.000000e-01; 2.000000e-02
5.380117e-01; 5.038520e+00; 2.487432e+00; -4.387075e-02; 0.000000e+00; -3.445601e-01; 0.000000e+00; 1.000000e+02; 1.000000e-01; 2.000000e-02
5.380117e-01; 5.038754e+00; 2.487432e+00; -4.384478e-02; 0.000000e+00; -3.443561e-01; 0.000000e+00; 1.000000e+02; 1.000000e-01; 2.000000e-02
5.380117e-01; 5.039160e+00; 2.487432e+00; -4.379968e-02; 0.000000e+00; -3.440019e-01; 0.000000e+00; 1.000000e+02; 1.000000e-01; 2.000000e-02
5.380117e-01; 5.039208e+00; 2.487432e+00; -4.379435e-02; 0.000000e+00; -3.439600e-01; 0.000000e+00; 1.000000e+02; 1.000000e-01; 2.000000e-02
5.438596e-01; 4.646169e+00; 3.074037e+00; -8.738674e-02; 0.000000e+00; -6.863339e-01; 0.000000e+00; 1.000000e+02; 1.000000e-01; 2.000000e-02
5.438596e-01; 4.645855e+00; 3.074037e+00; -8.742160e-02; 0.000000e+00; -6.866076e-01; 0.000000e+00; 1.000000e+02; 1.000000e-01; 2.000000e-02
5.438596e-01; 4.450319e+00; 3.074037e+00; -1.091478e-01; 0.000000e+00; -8.572452e-01; 0.000000e+00; 1.000000e+02; 1.000000e-01; 2.000000e-02
5.497076e-01; 4.450252e+00; 3.074720e+00; -1.092119e-01; 0.000000e+00; -8.577480e-01; 0.000000e+00; 1.000000e+02; 1.000000e-01; 2.000000e-02
5.497076e-01; 4.450396e+00; 3.074720e+00; -1.091959e-01; 0.000000e+00; -8.576227e-01; 0.000000e+00; 1.000000e+02; 1.000000e-01; 2.000000e-02
5.497076e-01; 4.450533e+00; 3.074720e+00; -1.091807e-01; 0.000000e+00; -8.575029e-01; 0.000000e+00; 1.000000e+02; 1.000000e-01; 2.000000e-02
5.497076e-01; 4.450554e+00; 3.074720e+00; -1.091783e-01; 0.000000e+00; -8.574842e-01; 0.000000e+00; 1.000000e+02; 1.000000e-01; 2.000000e-02
5.497076e-01; 4.450800e+00; 3.074720e+00; -1.091510e-01; 0.000000e+00; -8.572700e-01; 0.000000e+00; 1.000000e+02; 1.000000e-01; 2.000000e-02
5.555556e-01; 4.450853e+00; 3.074833e+00; -1.090933e-01; 0.000000e+00; -8.568168e-01; 0.000000e+00; 1.000000e+02; 1.000000e-01; 2.000000e-02
5.555556e-01; 4.450736e+00; 3.074833e+00; -1.091063e-01; 0.000000e+00; -8.569187e-01; 0.000000e+00; 1.000000e+02; 1.000000e-01; 2.000000e-02
5.555556e-01; 4.450466e+00; 3.074833e+00; -1.091364e-01; 0.000000e+00; -8.571550e-01; 0.000000e+00; 1.000000e+02; 1.000000e-01; 2.000000e-02
5.614035e-01; 4.450262e+00; 3.665247e+00; -1.091868e-01; 0.000000e+00; -8.575511e-01; 0.000000e+00; 1.000000e+02; 1.000000e-01; 2.000000e-02
5.614035e-01; 4.450392e+00; 3.665247e+00; -1.091723e-01; 0.000000e+00; -8.574375e-01; 0.000000e+00; 1.000000e+02; 1.000000e-01; 2.000000e-02
5.614035e-01; 4.450677e+00; 3.665247e+00; -1.091407e-01; 0.000000e+00; -8.571892e-01; 0.000000e+00; 1.000000e+02; 1.000000e-01; 2.000000e-02
5.614035e-01; 4.450851e+00; 3.665247e+00; -1.091214e-01; 0.000000e+00; -8.570373e-01; 0.000000e+00; 1.000000e+02; 1.000000e-01; 2.000000e-02
5.672515e-01; 4.450738e+00; 3.664634e+00; -1.090599e-01; 0.000000e+00; -8.565543e-01; 0.000000e+00; 1.000000e+02; 1.000000e-01; 2.000000e-02
5.672515e-01; 4.450482e+00; 3.664634e+00; -1.090883e-01; 0.000000e+00; -8.567772e-01; 0.000000e+00; 1.000000e+02; 1.000000e-01; 2.000000e-02
5.672515e-01; 3.959259e+00; 3.664634e+00; -1.636686e-01; 0.000000e+00; -1.285450e+00; 0.000000e+00; 1.000000e+02; 1.000000e-01; 2.000000e-02
5.730994e-01; 4.155872e+00; 3.664663e+00; -1.418398e-01; 0.000000e+00; -1.114007e+00; 0.000000e+00; 1.000000e+02; 1.000000e-01; 2.000000e-02
5.730994e-01; 4.155938e+00; 3.664663e+00; -1.418324e-01; 0.000000e+00; -1.113949e+00; 0.000000e+00; 1.000000e+02; 1.000000e-01; 2.000000e-02
5.730994e-01; 4.156014e+00; 3.664663e+00; -1.418240e-01; 0.000000e+00; -1.113883e+00; 0.000000e+00; 1.000000e+02; 1.000000e-01; 2.000000e-02
5.730994e-01; 3.959648e+00; 3.664663e+00; -1.636424e-01; 0.000000e+00; -1.285245e+00; 0.000000e+00; 1.000000e+02; 1.000000e-01; 2.000000e-02
5.789474e-01; 3.372379e+00; 3.665077e+00; -2.615260e-01; 0.000000e+00; -2.054020e+00; 0.000000e+00; 1.000000e+02; 1.000000e-01; 2.000000e-02
5.789474e-01; 3.470150e+00; 3.665077e+00; -2.506626e-01; 0.000000e+00; -1.968699e+00; 0.000000e+00; 1.000000e+02; 1.000000e-01; 2.000000e-02
5.789474e-01; 3.470373e+00; 3.665077e+00; -2.506378e-01; 0.000000e+00; -1.968504e+00; 0.000000e+00; 1.000000e+02; 1.000000e-01; 2.000000e-02
5.789474e-01; 3.861621e+00; 3.665077e+00; -2.071658e-01; 0.000000e+00; -1.627076e+00; 0.000000e+00; 1.000000e+02; 1.000000e-01; 2.000000e-02
5.847953e-01; 3.861353e+00; 3.664812e+00; -2.071853e-01; 0.000000e+00; -1.627230e+00; 0.000000e+00; 1.000000e+02; 1.000000e-01; 2.000000e-02
5.847953e-01; 3.861376e+00; 3.664812e+00; -2.071828e-01; 0.000000e+00; -1.627210e+00; 0.000000e+00; 1.000000e+02; 1.000000e-01; 2.000000e-02
5.847953e-01; 3.861511e+00; 3.664812e+00; -2.071678e-01; 0.000000e+00; -1.627092e+00; 0.000000e+00; 1.000000e+02; 1.000000e-01; 2.000000e-02
5.906433e-01; 3.861514e+00; 3.664532e+00; -2.071195e-01; 0.000000e+00; -1.626713e+00; 0.000000e+00; 1.000000e+02; 1.000000e-01; 2.000000e-02
5.906433e-01; 3.861423e+00; 3.664532e+00; -2.071296e-01; 0.000000e+00; -1.626792e+00; 0.000000e+00; 1.000000e+02; 1.000000e-01; 2.000000e-02
5.906433e-01; 3.861169e+00; 3.664532e+00; -2.071578e-01; 0.000000e+00; -1.627014e+00; 0.000000e+00; 1.000000e+02; 1.000000e-01; 2.000000e-02
5.906433e-01; 3.959562e+00; 3.664532e+00; -1.962253e-01; 0.000000e+00; -1.541150e+00; 0.000000e+00; 1.000000e+02; 1.000000e-01; 2.000000e-02
5.964912e-01; 3.959625e+00; 3.664883e+00; -1.962772e-01; 0.000000e+00; -1.541557e+00; 0.000000e+00; 1.000000e+02; 1.000000e-01; 2.000000e-02
5.964912e-01; 3.959794e+00; 3.664883e+00; -1.962584e-01; 0.000000e+00; -1.541410e+00; 0.000000e+00; 1.000000e+02; 1.000000e-01; 2.000000e-02
5.964912e-01; 3.959930e+00; 3.664883e+00; -1.962434e-01; 0.000000e+00; -1.541292e+00; 0.000000e+00; 1.000000e+02; 1.000000e-01; 2.000000e-02
6.023392e-01; 3.960085e+00; 3.959289e+00; -6.530678e-02; 0.000000e+00; -5.129182e-01; 0.000000e+00; 1.000000e+02; 1.000000e-01; 2.000000e-02
6.023392e-01; 3.567376e+00; 3.959289e+00; -1.089411e-01; 0.000000e+00; -8.556216e-01; 0.000000e+00; 1.000000e+02; 1.000000e-01; 2.000000e-02
6.023392e-01; 3.762361e+00; 3.959289e+00; -8.727608e-02; 0.000000e+00; -6.854648e-01; 0.000000e+00; 1.000000e+02; 1.000000e-01; 2.000000e-02
6.023392e-01; 3.369810e+00; 3.959289e+00; -1.308929e-01; 0.000000e+00; -1.028031e+00; 0.000000e+00; 1.000000e+02; 1.000000e-01; 2.000000e-02
6.023392e-01; 2.977272e+00; 3.959289e+00; -1.745082e-01; 0.000000e+00; -1.370584e+00; 0.000000e+00; 1.000000e+02; 1.000000e-01; 2.000000e-02
6.081871e-01; 2.977206e+00; 3.959718e+00; -2.399651e-01; 0.000000e+00; -1.884682e+00; 0.000000e+00; 1.000000e+02; 1.000000e-01; 2.000000e-02
6.081871e-01; 3.173638e+00; 3.959718e+00; -2.181394e-01; 0.000000e+00; -1.713263e+00; 0.000000e+00; 1.000000e+02; 1.000000e-01; 2.000000e-02
6.081871e-01; 3.173700e+00; 3.959718e+00; -2.181324e-01; 0.000000e+00; -1.713208e+00; 0.000000e+00; 1.000000e+02; 1.000000e-01; 2.000000e-02
6.140351e-01; 2.781682e+00; 3.959169e+00; -2.616189e-01; 0.000000e+00; -2.054750e+00; 0.000000e+00; 1.000000e+02; 1.000000e-01; 2.000000e-02
6.140351e-01; 2.781535e+00; 3.959169e+00; -2.616353e-01; 0.000000e+00; -2.054879e+00; 0.000000e+00; 1.000000e+02; 1.000000e-01; 2.000000e-02
6.140351e-01; 2.781370e+00; 3.959169e+00; -2.616536e-01; 0.000000e+00; -2.055022e+00; 0.000000e+00; 1.000000e+02; 1.000000e-01; 2.000000e-02
6.140351e-01; 2.781392e+00; 3.959169e+00; -2.616512e-01; 0.000000e+00; -2.055004e+00; 0.000000e+00; 1.000000e+02; 1.000000e-01; 2.000000e-02
6.198830e-01; 2.781511e+00; 4.253056e+00; -2.616875e-01; 0.000000e+00; -2.055289e+00; 0.000000e+00; 1.000000e+02; 1.000000e-01; 2.000000e-02
6.198830e-01; 2.781624e+00; 4.253056e+00; -2.616749e-01; 0.000000e+00; -2.055190e+00; 0.000000e+00; 1.000000e+02; 1.000000e-01; 2.000000e-02
6.198830e-01; 2.781741e+00; 4.253056e+00; -2.616619e-01; 0.000000e+00; -2.055088e+00; 0.000000e+00; 1.000000e+02; 1.000000e-01; 2.000000e-02
6.257310e-01; 2.781715e+00; 4.057431e+00; -2.616047e-01; 0.000000e+00; -2.054639e+00; 0.000000e+00; 1.000000e+02; 1.000000e-01; 2.000000e-02
6.257310e-01; 2.781507e+00; 4.057431e+00; -2.616278e-01; 0.000000e+00; -2.054820e+00; 0.000000e+00; 1.000000e+02; 1.000000e-01; 2.000000e-02
6.257310e-01; 3.174900e+00; 4.057431e+00; -2.179175e-01; 0.000000e+00; -1.711520e+00; 0.000000e+00; 1.000000e+02; 1.000000e-01; 2.000000e-02
6.257310e-01; 3.175095e+00; 4.057431e+00; -2.178959e-01; 0.000000e+00; -1.711350e+00; 0.000000e+00; 1.000000e+02; 1.000000e-01; 2.000000e-02
6.315789e-01; 3.175202e+00; 4.057558e+00; -1.523177e-01; 0.000000e+00; -1.196301e+00; 0.000000e+00; 1.000000e+02; 1.000000e-01; 2.000000e-02
6.315789e-01; 2.978491e+00; 4.057558e+00; -1.741746e-01; 0.000000e+00; -1.367964e+00; 0.000000e+00; 1.000000e+02; 1.000000e-01; 2.000000e-02
6.315789e-01; 2.781883e+00; 4.057558e+00; -1.960199e-01; 0.000000e+00; -1.539536e+00; 0.000000e+00; 1.000000e+02; 1.000000e-01; 2.000000e-02
6.315789e-01; 2.781646e+00; 4.057558e+00; -1.960463e-01; 0.000000e+00; -1.539744e+00; 0.000000e+00; 1.000000e+02; 1.000000e-01; 2.000000e-02
6.374269e-01; 2.781527e+00; 4.057916e+00; -6.518751e-02; 0.000000e+00; -5.119815e-01; 0.000000e+00; 1.000000e+02; 1.000000e-01; 2.000000e-02
6.374269e-01; 2.389053e+00; 4.057916e+00; -1.087957e-01; 0.000000e+00; -8.544798e-01; 0.000000e+00; 1.000000e+02; 1.000000e-01; 2.000000e-02
6.374269e-01; 2.584937e+00; 4.057916e+00; -8.703093e-02; 0.000000e+00; -6.835393e-01; 0.000000e+00; 1.000000e+02; 1.000000e-01; 2.000000e-02
6.432749e-01; 2.584982e+00; 4.644965e+00; 1.082413e-02; 0.000000e+00; 8.501250e-02; 0.000000e+00; 1.000000e+02; 1.000000e-01; 2.000000e-02
6.432749e-01; 2.291521e+00; 4.644965e+00; -2.178272e-02; 0.000000e+00; -1.710811e-01; 0.000000e+00; 1.000000e+02; 1.000000e-01; 2.000000e-02
6.432749e-01; 2.291642e+00; 4.644965e+00; -2.176927e-02; 0.000000e+00; -1.709755e-01; 0.000000e+00; 1.000000e+02; 1.000000e-01; 2.000000e-02
6.432749e-01; 2.291596e+00; 4.644965e+00; -2.177432e-02; 0.000000e+00; -1.710151e-01; 0.000000e+00; 1.000000e+02; 1.000000e-01; 2.000000e-02
6.491228e-01; 2.291502e+00; 3.468541e+00; -8.692918e-02; 0.000000e+00; -6.827402e-01; 0.000000e+00; 1.000000e+02; 1.000000e-01; 2.000000e-02
6.491228e-01; 2.486853e+00; 3.468541e+00; -6.522355e-02; 0.000000e+00; -5.122645e-01; 0.000000e+00; 1.000000e+02; 1.000000e-01; 2.000000e-02
6.491228e-01; 2.487027e+00; 3.468541e+00; -6.520422e-02; 0.000000e+00; -5.121127e-01; 0.000000e+00; 1.000000e+02; 1.000000e-01; 2.000000e-02
6.549708e-01; 2.486896e+00; 3.468920e+00; -6.528912e-02; 0.000000e+00; -5.127795e-01; 0.000000e+00; 1.000000e+02; 1.000000e-01; 2.000000e-02
6.549708e-01; 2.487043e+00; 3.468920e+00; -6.527275e-02; 0.000000e+00; -5.126510e-01; 0.000000e+00; 1.000000e+02; 1.000000e-01; 2.000000e-02
6.549708e-01; 2.487022e+00; 3.468920e+00; -6.527507e-02; 0.000000e+00; -5.126692e-01; 0.000000e+00; 1.000000e+02; 1.000000e-01; 2.000000e-02
6.549708e-01; 2.487138e+00; 3.468920e+00; -6.526220e-02; 0.000000e+00; -5.125681e-01; 0.000000e+00; 1.000000e+02; 1.000000e-01; 2.000000e-02
6.549708e-01; 2.535901e+00; 3.468920e+00; -5.984410e-02; 0.000000e+00; -4.700145e-01; 0.000000e+00; 1.000000e+02; 1.000000e-01; 2.000000e-02
6.608187e-01; 2.535853e+00; 3.468728e+00; -5.986543e-02; 0.000000e+00; -4.701820e-01; 0.000000e+00; 1.000000e+02; 1.000000e-01; 2.000000e-02
6.608187e-01; 2.535958e+00; 3.468728e+00; -5.985378e-02; 0.000000e+00; -4.700905e-01; 0.000000e+00; 1.000000e+02; 1.000000e-01; 2.000000e-02
6.608187e-01; 2.503400e+00; 3.468728e+00; -6.347129e-02; 0.000000e+00; -4.985024e-01; 0.000000e+00; 1.000000e+02; 1.000000e-01; 2.000000e-02
6.666667e-01; 2.503536e+00; 3.469174e+00; -1.290120e-01; 0.000000e+00; -1.013258e+00; 0.000000e+00; 1.000000e+02; 1.000000e-01; 2.000000e-02
6.666667e-01; 2.700253e+00; 3.469174e+00; -1.071546e-01; 0.000000e+00; -8.415904e-01; 0.000000e+00; 1.000000e+02; 1.000000e-01; 2.000000e-02
6.666667e-01; 2.700353e+00; 3.469174e+00; -1.071434e-01; 0.000000e+00; -8.415025e-01; 0.000000e+00; 1.000000e+02; 1.000000e-01; 2.000000e-02
6.666667e-01; 2.504036e+00; 3.469174e+00; -1.289565e-01; 0.000000e+00; -1.012822e+00; 0.000000e+00; 1.000000e+02; 1.000000e-01; 2.000000e-02
6.725146e-01; 2.504047e+00; 2.487491e+00; -1.288838e-01; 0.000000e+00; -1.012251e+00; 0.000000e+00; 1.000000e+02; 1.000000e-01; 2.000000e-02
6.725146e-01; 2.503789e+00; 2.487491e+00; -1.289125e-01; 0.000000e+00; -1.012476e+00; 0.000000e+00; 1.000000e+02; 1.000000e-01; 2.000000e-02
6.725146e-01; 2.503819e+00; 2.487491e+00; -1.289090e-01; 0.000000e+00; -1.012449e+00; 0.000000e+00; 1.000000e+02; 1.000000e-01; 2.000000e-02
6.783626e-01; 2.503674e+00; 2.487918e+00; -1.289222e-01; 0.000000e+00; -1.012553e+00; 0.000000e+00; 1.000000e+02; 1.000000e-01; 2.000000e-02
6.783626e-01; 2.503628e+00; 2.487918e+00; -1.289273e-01; 0.000000e+00; -1.012593e+00; 0.000000e+00; 1.000000e+02; 1.000000e-01; 2.000000e-02
6.783626e-01; 2.503657e+00; 2.487918e+00; -1.289240e-01; 0.000000e+00; -1.012567e+00; 0.000000e+00; 1.000000e+02; 1.000000e-01; 2.000000e-02
6.783626e-01; 2.309034e+00; 2.487918e+00; -1.505488e-01; 0.000000e+00; -1.182408e+00; 0.000000e+00; 1.000000e+02; 1.000000e-01; 2.000000e-02
6.842105e-01; 2.308985e+00; 1.998838e+00; -1.505932e-01; 0.000000e+00; -1.182757e+00; 0.000000e+00; 1.000000e+02; 1.000000e-01; 2.000000e-02
6.842105e-01; 2.309062e+00; 1.998838e+00; -1.505847e-01; 0.000000e+00; -1.182689e+00; 0.000000e+00; 1.000000e+02; 1.000000e-01; 2.000000e-02
6.842105e-01; 2.406855e+00; 1.998838e+00; -1.397188e-01; 0.000000e+00; -1.097349e+00; 0.000000e+00; 1.000000e+02; 1.000000e-01; 2.000000e-02
6.842105e-01; 2.276584e+00; 1.998838e+00; -1.541933e-01; 0.000000e+00; -1.211031e+00; 0.000000e+00; 1.000000e+02; 1.000000e-01; 2.000000e-02
6.900585e-01; 2.211459e+00; 1.998418e+00; -1.613932e-01; 0.000000e+00; -1.267579e+00; 0.000000e+00; 1.000000e+02; 1.000000e-01; 2.000000e-02
6.900585e-01; 2.211432e+00; 1.998418e+00; -1.613962e-01; 0.000000e+00; -1.267603e+00; 0.000000e+00; 1.000000e+02; 1.000000e-01; 2.000000e-02
6.900585e-01; 2.341097e+00; 1.998418e+00; -1.469889e-01; 0.000000e+00; -1.154448e+00; 0.000000e+00; 1.000000e+02; 1.000000e-01; 2.000000e-02
6.959064e-01; 2.341097e+00; 2.194792e+00; -1.469521e-01; 0.000000e+00; -1.154159e+00; 0.000000e+00; 1.000000e+02; 1.000000e-01; 2.000000e-02
6.959064e-01; 2.341079e+00; 2.194792e+00; -1.469542e-01; 0.000000e+00; -1.154175e+00; 0.000000e+00; 1.000000e+02; 1.000000e-01; 2.000000e-02
6.959064e-01; 2.340978e+00; 2.194792e+00; -1.469654e-01; 0.000000e+00; -1.154263e+00; 0.000000e+00; 1.000000e+02; 1.000000e-01; 2.000000e-02
6.959064e-01; 2.341025e+00; 2.194792e+00; -1.469602e-01; 0.000000e+00; -1.154223e+00; 0.000000e+00; 1.000000e+02; 1.000000e-01; 2.000000e-02
7.017544e-01; 2.341011e+00; 2.194734e+00; -1.469937e-01; 0.000000e+00; -1.154486e+00; 0.000000e+00; 1.000000e+02; 1.000000e-01; 2.000000e-02
7.017544e-01; 2.341051e+00; 2.194734e+00; -1.469892e-01; 0.000000e+00; -1.154451e+00; 0.000000e+00; 1.000000e+02; 1.000000e-01; 2.000000e-02
7.017544e-01; 2.341057e+00; 2.194734e+00; -1.469886e-01; 0.000000e+00; -1.154446e+00; 0.000000e+00; 1.000000e+02; 1.000000e-01; 2.000000e-02
7.076023e-01; 2.341209e+00; 1.408560e+00; -1.796456e-01; 0.000000e+00; -1.410933e+00; 0.000000e+00; 1.000000e+02; 1.000000e-01; 2.000000e-02
7.076023e-01; 2.439166e+00; 1.408560e+00; -1.687614e-01; 0.000000e+00; -1.325449e+00; 0.000000e+00; 1.000000e+02; 1.000000e-01; 2.000000e-02
7.076023e-01; 2.341689e+00; 1.408560e+00; -1.795922e-01; 0.000000e+00; -1.410514e+00; 0.000000e+00; 1.000000e+02; 1.000000e-01; 2.000000e-02
7.076023e-01; 2.341762e+00; 1.408560e+00; -1.795841e-01; 0.000000e+00; -1.410451e+00; 0.000000e+00; 1.000000e+02; 1.000000e-01; 2.000000e-02
7.076023e-01; 2.341827e+00; 1.408560e+00; -1.795769e-01; 0.000000e+00; -1.410394e+00; 0.000000e+00; 1.000000e+02; 1.000000e-01; 2.000000e-02
7.134503e-01; 2.080330e+00; 1.212468e+00; -2.086684e-01; 0.000000e+00; -1.638878e+00; 0.000000e+00; 1.000000e+02; 1.000000e-01; 2.000000e-02
7.134503e-01; 2.080468e+00; 1.212468e+00; -2.086531e-01; 0.000000e+00; -1.638757e+00; 0.000000e+00; 1.000000e+02; 1.000000e-01; 2.000000e-02
7.134503e-01; 2.472017e+00; 1.212468e+00; -1.651476e-01; 0.000000e+00; -1.297066e+00; 0.000000e+00; 1.000000e+02; 1.000000e-01; 2.000000e-02
7.192982e-01; 2.536884e+00; 4.298032e-01; -1.578746e-01; 0.000000e+00; -1.239944e+00; 0.000000e+00; 1.000000e+02; 1.000000e-01; 2.000000e-02
7.192982e-01; 2.536734e+00; 4.298032e-01; -1.578913e-01; 0.000000e+00; -1.240075e+00; 0.000000e+00; 1.000000e+02; 1.000000e-01; 2.000000e-02
7.192982e-01; 2.341016e+00; 4.298032e-01; -1.796377e-01; 0.000000e+00; -1.410871e+00; 0.000000e+00; 1.000000e+02; 1.000000e-01; 2.000000e-02
7.192982e-01; 2.341156e+00; 4.298032e-01; -1.796222e-01; 0.000000e+00; -1.410750e+00; 0.000000e+00; 1.000000e+02; 1.000000e-01; 2.000000e-02
7.251462e-01; 2.211547e+00; 4.296908e-01; -2.266220e-01; 0.000000e+00; -1.779885e+00; 0.000000e+00; 1.000000e+02; 1.000000e-01; 2.000000e-02
7.251462e-01; 2.309287e+00; 4.296908e-01; -2.157620e-01; 0.000000e+00; -1.694590e+00; 0.000000e+00; 1.000000e+02; 1.000000e-01; 2.000000e-02
7.251462e-01; 2.309395e+00; 4.296908e-01; -2.157499e-01; 0.000000e+00; -1.694496e+00; 0.000000e+00; 1.000000e+02; 1.000000e-01; 2.000000e-02
7.309942e-01; 2.439300e+00; 1.215736e+00; -1.795982e-01; 0.000000e+00; -1.410561e+00; 0.000000e+00; 1.000000e+02; 1.000000e-01; 2.000000e-02
7.309942e-01; 2.374162e+00; 1.215736e+00; -1.868358e-01; 0.000000e+00; -1.467405e+00; 0.000000e+00; 1.000000e+02; 1.000000e-01; 2.000000e-02
7.309942e-01; 2.374154e+00; 1.215736e+00; -1.868367e-01; 0.000000e+00; -1.467412e+00; 0.000000e+00; 1.000000e+02; 1.000000e-01; 2.000000e-02
7.309942e-01; 2.374223e+00; 1.215736e+00; -1.868290e-01; 0.000000e+00; -1.467352e+00; 0.000000e+00; 1.000000e+02; 1.000000e-01; 2.000000e-02
7.368421e-01; 2.374161e+00; 1.018847e+00; -1.868393e-01; 0.000000e+00; -1.467433e+00; 0.000000e+00; 1.000000e+02; 1.000000e-01; 2.000000e-02
7.368421e-01; 2.374162e+00; 1.018847e+00; -1.868392e-01; 0.000000e+00; -1.467432e+00; 0.000000e+00; 1.000000e+02; 1.000000e-01; 2.000000e-02
7.368421e-01; 2.374287e+00; 1.018847e+00; -1.868253e-01; 0.000000e+00; -1.467322e+00; 0.000000e+00; 1.000000e+02; 1.000000e-01; 2.000000e-02
7.368421e-01; 2.308892e+00; 1.018847e+00; -1.940915e-01; 0.000000e+00; -1.524391e+00; 0.000000e+00; 1.000000e+02; 1.000000e-01; 2.000000e-02
7.426901e-01; 2.603135e+00; 1.802399e+00; -1.614261e-01; 0.000000e+00; -1.267837e+00; 0.000000e+00; 1.000000e+02; 1.000000e-01; 2.000000e-02
7.426901e-01; 2.603332e+00; 1.802399e+00; -1.614042e-01; 0.000000e+00; -1.267666e+00; 0.000000e+00; 1.000000e+02; 1.000000e-01; 2.000000e-02
7.426901e-01; 2.864219e+00; 1.802399e+00; -1.324167e-01; 0.000000e+00; -1.039999e+00; 0.000000e+00; 1.000000e+02; 1.000000e-01; 2.000000e-02
7.485380e-01; 2.342432e+00; 2.096015e+00; -2.555183e-01; 0.000000e+00; -2.006836e+00; 0.000000e+00; 1.000000e+02; 1.000000e-01; 2.000000e-02
7.485380e-01; 2.537760e+00; 2.096015e+00; -2.338151e-01; 0.000000e+00; -1.836380e+00; 0.000000e+00; 1.000000e+02; 1.000000e-01; 2.000000e-02
7.485380e-01; 2.017139e+00; 2.096015e+00; -2.916619e-01; 0.000000e+00; -2.290707e+00; 0.000000e+00; 1.000000e+02; 1.000000e-01; 2.000000e-02
7.485380e-01; 2.082307e+00; 2.096015e+00; -2.844211e-01; 0.000000e+00; -2.233838e+00; 0.000000e+00; 1.000000e+02; 1.000000e-01; 2.000000e-02
7.543860e-01; 2.212586e+00; 1.900825e+00; -1.393850e-01; 0.000000e+00; -1.094727e+00; 0.000000e+00; 1.000000e+02; 1.000000e-01; 2.000000e-02
7.543860e-01; 1.820991e+00; 1.900825e+00; -1.828956e-01; 0.000000e+00; -1.436459e+00; 0.000000e+00; 1.000000e+02; 1.000000e-01; 2.000000e-02
7.543860e-01; 2.081572e+00; 1.900825e+00; -1.539421e-01; 0.000000e+00; -1.209058e+00; 0.000000e+00; 1.000000e+02; 1.000000e-01; 2.000000e-02
7.602339e-01; 2.211373e+00; 1.997758e+00; -1.395799e-01; 0.000000e+00; -1.096258e+00; 0.000000e+00; 1.000000e+02; 1.000000e-01; 2.000000e-02
7.602339e-01; 2.211537e+00; 1.997758e+00; -1.395617e-01; 0.000000e+00; -1.096115e+00; 0.000000e+00; 1.000000e+02; 1.000000e-01; 2.000000e-02
7.602339e-01; 2.211555e+00; 1.997758e+00; -1.395597e-01; 0.000000e+00; -1.096099e+00; 0.000000e+00; 1.000000e+02; 1.000000e-01; 2.000000e-02
7.602339e-01; 2.211717e+00; 1.997758e+00; -1.395417e-01; 0.000000e+00; -1.095958e+00; 0.000000e+00; 1.000000e+02; 1.000000e-01; 2.000000e-02
7.602339e-01; 2.211659e+00; 1.997758e+00; -1.395482e-01; 0.000000e+00; -1.096009e+00; 0.000000e+00; 1.000000e+02; 1.000000e-01; 2.000000e-02
7.660819e-01; 2.178768e+00; 1.932746e+00; -1.431520e-01; 0.000000e+00; -1.124313e+00; 0.000000e+00; 1.000000e+02; 1.000000e-01; 2.000000e-02
7.660819e-01; 2.178659e+00; 1.932746e+00; -1.431641e-01; 0.000000e+00; -1.124409e+00; 0.000000e+00; 1.000000e+02; 1.000000e-01; 2.000000e-02
7.660819e-01; 2.178860e+00; 1.932746e+00; -1.431417e-01; 0.000000e+00; -1.124233e+00; 0.000000e+00; 1.000000e+02; 1.000000e-01; 2.000000e-02
7.719298e-01; 2.179040e+00; 1.344426e+00; -1.431888e-01; 0.000000e+00; -1.124602e+00; 0.000000e+00; 1.000000e+02; 1.000000e-01; 2.000000e-02
7.719298e-01; 2.179297e+00; 1.344426e+00; -1.431602e-01; 0.000000e+00; -1.124377e+00; 0.000000e+00; 1.000000e+02; 1.000000e-01; 2.000000e-02
7.719298e-01; 1.917972e+00; 1.344426e+00; -1.721963e-01; 0.000000e+00; -1.352427e+00; 0.000000e+00; 1.000000e+02; 1.000000e-01; 2.000000e-02
7.719298e-01; 1.330251e+00; 1.344426e+00; -2.374987e-01; 0.000000e+00; -1.865310e+00; 0.000000e+00; 1.000000e+02; 1.000000e-01; 2.000000e-02
7.777778e-01; 1.460746e+00; 1.344720e+00; -1.139941e-01; 0.000000e+00; -8.953072e-01; 0.000000e+00; 1.000000e+02; 1.000000e-01; 2.000000e-02
7.777778e-01; 1.133796e+00; 1.344720e+00; -1.503219e-01; 0.000000e+00; -1.180626e+00; 0.000000e+00; 1.000000e+02; 1.000000e-01; 2.000000e-02
7.777778e-01; 1.003068e+00; 1.344720e+00; -1.648472e-01; 0.000000e+00; -1.294707e+00; 0.000000e+00; 1.000000e+02; 1.000000e-01; 2.000000e-02
7.836257e-01; 1.133500e+00; 9.553887e-01; -1.504202e-01; 0.000000e+00; -1.181397e+00; 0.000000e+00; 1.000000e+02; 1.000000e-01; 2.000000e-02
7.836257e-01; 1.133708e+00; 9.553887e-01; -1.503971e-01; 0.000000e+00; -1.181216e+00; 0.000000e+00; 1.000000e+02; 1.000000e-01; 2.000000e-02
7.836257e-01; 1.264115e+00; 9.553887e-01; -1.359075e-01; 0.000000e+00; -1.067415e+00; 0.000000e+00; 1.000000e+02; 1.000000e-01; 2.000000e-02
7.836257e-01; 1.590113e+00; 9.553887e-01; -9.968541e-02; 0.000000e+00; -7.829274e-01; 0.000000e+00; 1.000000e+02; 1.000000e-01; 2.000000e-02
7.836257e-01; 1.785243e+00; 9.553887e-01; -7.800433e-02; 0.000000e+00; -6.126446e-01; 0.000000e+00; 1.000000e+02; 1.000000e-01; 2.000000e-02
7.894737e-01; 1.785263e+00; 8.902985e-01; -2.367796e-02; 0.000000e+00; -1.859663e-01; 0.000000e+00; 1.000000e+02; 1.000000e-01; 2.000000e-02
7.894737e-01; 1.622301e+00; 8.902985e-01; -4.178488e-02; 0.000000e+00; -3.281777e-01; 0.000000e+00; 1.000000e+02; 1.000000e-01; 2.000000e-02
7.894737e-01; 1.492455e+00; 8.902985e-01; -5.621224e-02; 0.000000e+00; -4.414899e-01; 0.000000e+00; 1.000000e+02; 1.000000e-01; 2.000000e-02
7.953216e-01; 1.492612e+00; 1.019308e+00; -5.616249e-02; 0.000000e+00; -4.410992e-01; 0.000000e+00; 1.000000e+02; 1.000000e-01; 2.000000e-02
7.953216e-01; 1.492519e+00; 1.019308e+00; -5.617282e-02; 0.000000e+00; -4.411803e-01; 0.000000e+00; 1.000000e+02; 1.000000e-01; 2.000000e-02
7.953216e-01; 1.492176e+00; 1.019308e+00; -5.621092e-02; 0.000000e+00; -4.414795e-01; 0.000000e+00; 1.000000e+02; 1.000000e-01; 2.000000e-02
8.011696e-01; 1.361297e+00; 1.019583e+00; -9.254128e-02; 0.000000e+00; -7.268175e-01; 0.000000e+00; 1.000000e+02; 1.000000e-01; 2.000000e-02
8.011696e-01; 1.426656e+00; 1.019583e+00; -8.527926e-02; 0.000000e+00; -6.697818e-01; 0.000000e+00; 1.000000e+02; 1.000000e-01; 2.000000e-02
8.011696e-01; 1.426769e+00; 1.019583e+00; -8.526666e-02; 0.000000e+00; -6.696828e-01; 0.000000e+00; 1.000000e+02; 1.000000e-01; 2.000000e-02
8.011696e-01; 1.361289e+00; 1.019583e+00; -9.254218e-02; 0.000000e+00; -7.268246e-01; 0.000000e+00; 1.000000e+02; 1.000000e-01; 2.000000e-02
8.070175e-01; 1.377402e+00; 1.019157e+00; -9.075872e-02; 0.000000e+00; -7.128173e-01; 0.000000e+00; 1.000000e+02; 1.000000e-01; 2.000000e-02
8.070175e-01; 1.377428e+00; 1.019157e+00; -9.075587e-02; 0.000000e+00; -7.127949e-01; 0.000000e+00; 1.000000e+02; 1.000000e-01; 2.000000e-02
8.070175e-01; 1.115912e+00; 1.019157e+00; -1.198132e-01; 0.000000e+00; -9.410103e-01; 0.000000e+00; 1.000000e+02; 1.000000e-01; 2.000000e-02
8.128655e-01; 1.104994e+00; 7.270323e-01; -3.370490e-02; 0.000000e+00; -2.647177e-01; 0.000000e+00; 1.000000e+02; 1.000000e-01; 2.000000e-02
8.128655e-01; 8.430631e-01; 7.270323e-01; -6.280835e-02; 0.000000e+00; -4.932957e-01; 0.000000e+00; 1.000000e+02; 1.000000e-01; 2.000000e-02
8.128655e-01; 7.780840e-01; 7.270323e-01; -7.002826e-02; 0.000000e+00; -5.500006e-01; 0.000000e+00; 1.000000e+02; 1.000000e-01; 2.000000e-02
8.128655e-01; 6.472569e-01; 7.270323e-01; -8.456461e-02; 0.000000e+00; -6.641689e-01; 0.000000e+00; 1.000000e+02; 1.000000e-01; 2.000000e-02
8.128655e-01; 7.780440e-01; 7.270323e-01; -7.003270e-02; 0.000000e+00; -5.500356e-01; 0.000000e+00; 1.000000e+02; 1.000000e-01; 2.000000e-02
8.187135e-01; 7.780785e-01; 9.865973e-01; -4.825684e-02; 0.000000e+00; -3.790083e-01; 0.000000e+00; 1.000000e+02; 1.000000e-01; 2.000000e-02
8.187135e-01; 7.127638e-01; 9.865973e-01; -5.551402e-02; 0.000000e+00; -4.360061e-01; 0.000000e+00; 1.000000e+02; 1.000000e-01; 2.000000e-02
8.187135e-01; 7.126647e-01; 9.865973e-01; -5.552504e-02; 0.000000e+00; -4.360926e-01; 0.000000e+00; 1.000000e+02; 1.000000e-01; 2.000000e-02
8.245614e-01; 8.426227e-01; 7.257846e-01; 4.585768e-02; 0.000000e+00; 3.601654e-01; 0.000000e+00; 1.000000e+02; 1.000000e-01; 2.000000e-02
8.245614e-01; 5.818024e-01; 7.257846e-01; 1.687765e-02; 0.000000e+00; 1.325567e-01; 0.000000e+00; 1.000000e+02; 1.000000e-01; 2.000000e-02
8.245614e-01; 3.876620e-01; 7.257846e-01; -4.693506e-03; 0.000000e+00; -3.686271e-02; 0.000000e+00; 1.000000e+02; 1.000000e-01; 2.000000e-02
8.245614e-01; 3.878595e-01; 7.257846e-01; -4.671564e-03; 0.000000e+00; -3.669038e-02; 0.000000e+00; 1.000000e+02; 1.000000e-01; 2.000000e-02
8.304094e-01; 5.170957e-01; 3.689868e-01; 9.693958e-03; 0.000000e+00; 7.613617e-02; 0.000000e+00; 1.000000e+02; 1.000000e-01; 2.000000e-02
8.304094e-01; 5.170788e-01; 3.689868e-01; 9.692088e-03; 0.000000e+00; 7.612148e-02; 0.000000e+00; 1.000000e+02; 1.000000e-01; 2.000000e-02
8.304094e-01; 5.496231e-01; 3.689868e-01; 1.330811e-02; 0.000000e+00; 1.045217e-01; 0.000000e+00; 1.000000e+02; 1.000000e-01; 2.000000e-02
8.362573e-01; 4.846709e-01; 6.938243e-01; -8.121185e-02; 0.000000e+00; -6.378364e-01; 0.000000e+00; 1.000000e+02; 1.000000e-01; 2.000000e-02
8.362573e-01; 7.465703e-01; 6.938243e-01; -5.211192e-02; 0.000000e+00; -4.092861e-01; 0.000000e+00; 1.000000e+02; 1.000000e-01; 2.000000e-02
8.362573e-01; 8.557824e-01; 6.938243e-01; -3.997724e-02; 0.000000e+00; -3.139805e-01; 0.000000e+00; 1.000000e+02; 1.000000e-01; 2.000000e-02
8.362573e-01; 8.988289e-01; 6.938243e-01; -3.519430e-02; 0.000000e+00; -2.764154e-01; 0.000000e+00; 1.000000e+02; 1.000000e-01; 2.000000e-02
8.362573e-01; 8.989214e-01; 6.938243e-01; -3.518401e-02; 0.000000e+00; -2.763346e-01; 0.000000e+00; 1.000000e+02; 1.000000e-01; 2.000000e-02
8.421053e-01; 9.644393e-01; 5.629952e-01; -6.042467e-03; 0.000000e+00; -4.745743e-02; 0.000000e+00; 1.000000e+02; 1.000000e-01; 2.000000e-02
8.421053e-01; 8.988568e-01; 5.629952e-01; -1.332941e-02; 0.000000e+00; -1.046889e-01; 0.000000e+00; 1.000000e+02; 1.000000e-01; 2.000000e-02
8.421053e-01; 8.986953e-01; 5.629952e-01; -1.334736e-02; 0.000000e+00; -1.048299e-01; 0.000000e+00; 1.000000e+02; 1.000000e-01; 2.000000e-02
8.479532e-01; 8.984448e-01; 1.672716e+00; -1.003886e-01; 0.000000e+00; -7.884499e-01; 0.000000e+00; 1.000000e+02; 1.000000e-01; 2.000000e-02
8.479532e-01; 1.159475e+00; 1.672716e+00; -7.138522e-02; 0.000000e+00; -5.606582e-01; 0.000000e+00; 1.000000e+02; 1.000000e-01; 2.000000e-02
8.479532e-01; 1.094507e+00; 1.672716e+00; -7.860386e-02; 0.000000e+00; -6.173533e-01; 0.000000e+00; 1.000000e+02; 1.000000e-01; 2.000000e-02
8.538012e-01; 9.648607e-01; -4.755412e-01; -1.256208e-01; 0.000000e+00; -9.866235e-01; 0.000000e+00; 1.000000e+02; 1.000000e-01; 2.000000e-02
8.538012e-01; 1.062683e+00; -4.755412e-01; -1.147517e-01; 0.000000e+00; -9.012575e-01; 0.000000e+00; 1.000000e+02; 1.000000e-01; 2.000000e-02
8.538012e-01; 1.127396e+00; -4.755412e-01; -1.075614e-01; 0.000000e+00; -8.447851e-01; 0.000000e+00; 1.000000e+02; 1.000000e-01; 2.000000e-02
8.538012e-01; 1.094922e+00; -4.755412e-01; -1.111695e-01; 0.000000e+00; -8.731233e-01; 0.000000e+00; 1.000000e+02; 1.000000e-01; 2.000000e-02
8.596491e-01; 1.268905e+00; 6.966363e-01; -7.014929e-02; 0.000000e+00; -5.509512e-01; 0.000000e+00; 1.000000e+02; 1.000000e-01; 2.000000e-02
8.596491e-01; 1.203860e+00; 6.966363e-01; -7.737651e-02; 0.000000e+00; -6.077137e-01; 0.000000e+00; 1.000000e+02; 1.000000e-01; 2.000000e-02
8.596491e-01; 1.138703e+00; 6.966363e-01; -8.461619e-02; 0.000000e+00; -6.645740e-01; 0.000000e+00; 1.000000e+02; 1.000000e-01; 2.000000e-02
8.654971e-01; 1.225603e+00; 9.560596e-01; -8.573505e-02; 0.000000e+00; -6.733615e-01; 0.000000e+00; 1.000000e+02; 1.000000e-01; 2.000000e-02
8.654971e-01; 1.257936e+00; 9.560596e-01; -8.214241e-02; 0.000000e+00; -6.451449e-01; 0.000000e+00; 1.000000e+02; 1.000000e-01; 2.000000e-02
8.654971e-01; 1.344203e+00; 9.560596e-01; -7.255722e-02; 0.000000e+00; -5.698631e-01; 0.000000e+00; 1.000000e+02; 1.000000e-01; 2.000000e-02
8.654971e-01; 1.279274e+00; 9.560596e-01; -7.977155e-02; 0.000000e+00; -6.265243e-01; 0.000000e+00; 1.000000e+02; 1.000000e-01; 2.000000e-02
8.654971e-01; 1.170946e+00; 9.560596e-01; -9.180802e-02; 0.000000e+00; -7.210585e-01; 0.000000e+00; 1.000000e+02; 1.000000e-01; 2.000000e-02
8.713450e-01; 1.170911e+00; 8.908990e-01; -8.457716e-02; 0.000000e+00; -6.642674e-01; 0.000000e+00; 1.000000e+02; 1.000000e-01; 2.000000e-02
8.713450e-01; 1.149213e+00; 8.908990e-01; -8.698803e-02; 0.000000e+00; -6.832024e-01; 0.000000e+00; 1.000000e+02; 1.000000e-01; 2.000000e-02
8.713450e-01; 1.235860e+00; 8.908990e-01; -7.736062e-02; 0.000000e+00; -6.075889e-01; 0.000000e+00; 1.000000e+02; 1.000000e-01; 2.000000e-02
8.771930e-01; 1.236033e+00; -8.054960e-01; -1.202259e-02; 0.000000e+00; -9.442520e-02; 0.000000e+00; 1.000000e+02; 1.000000e-01; 2.000000e-02
8.771930e-01; 1.040086e+00; -8.054960e-01; -3.379452e-02; 0.000000e+00; -2.654216e-01; 0.000000e+00; 1.000000e+02; 1.000000e-01; 2.000000e-02
8.771930e-01; 1.039978e+00; -8.054960e-01; -3.380656e-02; 0.000000e+00; -2.655161e-01; 0.000000e+00; 1.000000e+02; 1.000000e-01; 2.000000e-02
8.771930e-01; 1.137852e+00; -8.054960e-01; -2.293160e-02; 0.000000e+00; -1.801044e-01; 0.000000e+00; 1.000000e+02; 1.000000e-01; 2.000000e-02
8.830409e-01; 1.137913e+00; -4.794947e-01; -2.294810e-02; 0.000000e+00; -1.802339e-01; 0.000000e+00; 1.000000e+02; 1.000000e-01; 2.000000e-02
8.830409e-01; 1.137984e+00; -4.794947e-01; -2.294026e-02; 0.000000e+00; -1.801724e-01; 0.000000e+00; 1.000000e+02; 1.000000e-01; 2.000000e-02
8.830409e-01; 1.225152e+00; -4.794947e-01; -1.325491e-02; 0.000000e+00; -1.041038e-01; 0.000000e+00; 1.000000e+02; 1.000000e-01; 2.000000e-02
8.888889e-01; 1.007402e+00; 1.083252e+00; 5.786398e-03; 0.000000e+00; 4.544626e-02; 0.000000e+00; 1.000000e+02; 1.000000e-01; 2.000000e-02
8.888889e-01; 8.776931e-01; 1.083252e+00; -8.625733e-03; 0.000000e+00; -6.774635e-02; 0.000000e+00; 1.000000e+02; 1.000000e-01; 2.000000e-02
8.888889e-01; 1.116830e+00; 1.083252e+00; 1.794505e-02; 0.000000e+00; 1.409401e-01; 0.000000e+00; 1.000000e+02; 1.000000e-01; 2.000000e-02
8.888889e-01; 1.550870e+00; 1.083252e+00; 6.617166e-02; 0.000000e+00; 5.197110e-01; 0.000000e+00; 1.000000e+02; 1.000000e-01; 2.000000e-02
8.888889e-01; 1.247471e+00; 1.083252e+00; 3.246074e-02; 0.000000e+00; 2.549461e-01; 0.000000e+00; 1.000000e+02; 1.000000e-01; 2.000000e-02
8.947368e-01; 1.030692e+00; 9.865403e-01; 1.561147e-02; 0.000000e+00; 1.226122e-01; 0.000000e+00; 1.000000e+02; 1.000000e-01; 2.000000e-02
8.947368e-01; 1.008976e+00; 9.865403e-01; 1.319868e-02; 0.000000e+00; 1.036622e-01; 0.000000e+00; 1.000000e+02; 1.000000e-01; 2.000000e-02
8.947368e-01; 1.269751e+00; 9.865403e-01; 4.217365e-02; 0.000000e+00; 3.312310e-01; 0.000000e+00; 1.000000e+02; 1.000000e-01; 2.000000e-02
9.005848e-01; 1.421490e+00; 9.863252e-01; 4.469504e-02; 0.000000e+00; 3.510340e-01; 0.000000e+00; 1.000000e+02; 1.000000e-01; 2.000000e-02
9.005848e-01; 1.464507e+00; 9.863252e-01; 4.947466e-02; 0.000000e+00; 3.885731e-01; 0.000000e+00; 1.000000e+02; 1.000000e-01; 2.000000e-02
9.005848e-01; 1.334074e+00; 9.863252e-01; 3.498208e-02; 0.000000e+00; 2.747486e-01; 0.000000e+00; 1.000000e+02; 1.000000e-01; 2.000000e-02
9.064327e-01; 1.290720e+00; 5.285768e-01; 3.014192e-02; 0.000000e+00; 2.367341e-01; 0.000000e+00; 1.000000e+02; 1.000000e-01; 2.000000e-02
9.064327e-01; 1.290788e+00; 5.285768e-01; 3.014953e-02; 0.000000e+00; 2.367938e-01; 0.000000e+00; 1.000000e+02; 1.000000e-01; 2.000000e-02
9.064327e-01; 1.290926e+00; 5.285768e-01; 3.016484e-02; 0.000000e+00; 2.369141e-01; 0.000000e+00; 1.000000e+02; 1.000000e-01; 2.000000e-02
9.064327e-01; 1.290943e+00; 5.285768e-01; 3.016670e-02; 0.000000e+00; 2.369287e-01; 0.000000e+00; 1.000000e+02; 1.000000e-01; 2.000000e-02
9.122807e-01; 1.312640e+00; 3.804418e-02; 3.261685e-02; 0.000000e+00; 2.561722e-01; 0.000000e+00; 1.000000e+02; 1.000000e-01; 2.000000e-02
9.122807e-01; 1.312521e+00; 3.804418e-02; 3.260366e-02; 0.000000e+00; 2.560685e-01; 0.000000e+00; 1.000000e+02; 1.000000e-01; 2.000000e-02
9.122807e-01; 1.170940e+00; 3.804418e-02; 1.687241e-02; 0.000000e+00; 1.325156e-01; 0.000000e+00; 1.000000e+02; 1.000000e-01; 2.000000e-02
9.181287e-01; 1.171018e+00; 1.480132e-01; 4.933720e-02; 0.000000e+00; 3.874935e-01; 0.000000e+00; 1.000000e+02; 1.000000e-01; 2.000000e-02
9.181287e-01; 1.073653e+00; 1.480132e-01; 3.851887e-02; 0.000000e+00; 3.025265e-01; 0.000000e+00; 1.000000e+02; 1.000000e-01; 2.000000e-02
9.181287e-01; 1.551330e+00; 1.480132e-01; 9.159406e-02; 0.000000e+00; 7.193780e-01; 0.000000e+00; 1.000000e+02; 1.000000e-01; 2.000000e-02
9.181287e-01; 1.464136e+00; 1.480132e-01; 8.190587e-02; 0.000000e+00; 6.432872e-01; 0.000000e+00; 1.000000e+02; 1.000000e-01; 2.000000e-02
9.181287e-01; 2.116719e+00; 1.480132e-01; 1.544151e-01; 0.000000e+00; 1.212774e+00; 0.000000e+00; 1.000000e+02; 1.000000e-01; 2.000000e-02
9.239766e-01; 1.835129e+00; 2.132084e-01; 9.427624e-02; 0.000000e+00; 7.404439e-01; 0.000000e+00; 1.000000e+02; 1.000000e-01; 2.000000e-02
9.239766e-01; 1.921637e+00; 2.132084e-01; 1.038883e-01; 0.000000e+00; 8.159367e-01; 0.000000e+00; 1.000000e+02; 1.000000e-01; 2.000000e-02
9.239766e-01; 2.051961e+00; 2.132084e-01; 1.183687e-01; 0.000000e+00; 9.296653e-01; 0.000000e+00; 1.000000e+02; 1.000000e-01; 2.000000e-02
9.298246e-01; 1.790754e+00; 3.459486e-01; 1.183252e-01; 0.000000e+00; 9.293237e-01; 0.000000e+00; 1.000000e+02; 1.000000e-01; 2.000000e-02
9.298246e-01; 1.703781e+00; 3.459486e-01; 1.086615e-01; 0.000000e+00; 8.534254e-01; 0.000000e+00; 1.000000e+02; 1.000000e-01; 2.000000e-02
9.298246e-01; 1.942554e+00; 3.459486e-01; 1.351918e-01; 0.000000e+00; 1.061794e+00; 0.000000e+00; 1.000000e+02; 1.000000e-01; 2.000000e-02
9.298246e-01; 1.942796e+00; 3.459486e-01; 1.352186e-01; 0.000000e+00; 1.062005e+00; 0.000000e+00; 1.000000e+02; 1.000000e-01; 2.000000e-02
9.356725e-01; 1.790649e+00; 6.694725e-01; 1.579207e-01; 0.000000e+00; 1.240306e+00; 0.000000e+00; 1.000000e+02; 1.000000e-01; 2.000000e-02
9.356725e-01; 1.671841e+00; 6.694725e-01; 1.447198e-01; 0.000000e+00; 1.136627e+00; 0.000000e+00; 1.000000e+02; 1.000000e-01; 2.000000e-02
9.356725e-01; 1.682601e+00; 6.694725e-01; 1.459154e-01; 0.000000e+00; 1.146017e+00; 0.000000e+00; 1.000000e+02; 1.000000e-01; 2.000000e-02
9.415205e-01; 1.747843e+00; 5.823171e-01; 1.170973e-01; 0.000000e+00; 9.196802e-01; 0.000000e+00; 1.000000e+02; 1.000000e-01; 2.000000e-02
9.415205e-01; 1.856047e+00; 5.823171e-01; 1.291200e-01; 0.000000e+00; 1.014106e+00; 0.000000e+00; 1.000000e+02; 1.000000e-01; 2.000000e-02
9.415205e-01; 1.856207e+00; 5.823171e-01; 1.291378e-01; 0.000000e+00; 1.014246e+00; 0.000000e+00; 1.000000e+02; 1.000000e-01; 2.000000e-02
9.415205e-01; 1.943188e+00; 5.823171e-01; 1.388023e-01; 0.000000e+00; 1.090151e+00; 0.000000e+00; 1.000000e+02; 1.000000e-01; 2.000000e-02
9.415205e-01; 1.899741e+00; 5.823171e-01; 1.339749e-01; 0.000000e+00; 1.052237e+00; 0.000000e+00; 1.000000e+02; 1.000000e-01; 2.000000e-02
9.473684e-01; 2.008458e+00; 7.786122e-01; 1.605628e-01; 0.000000e+00; 1.261057e+00; 0.000000e+00; 1.000000e+02; 1.000000e-01; 2.000000e-02
9.473684e-01; 1.964917e+00; 7.786122e-01; 1.557248e-01; 0.000000e+00; 1.223060e+00; 0.000000e+00; 1.000000e+02; 1.000000e-01; 2.000000e-02
9.473684e-01; 2.013813e+00; 7.786122e-01; 1.611577e-01; 0.000000e+00; 1.265730e+00; 0.000000e+00; 1.000000e+02; 1.000000e-01; 2.000000e-02
9.532164e-01; 1.926487e+00; 3.872189e-01; 2.822670e-02; 0.000000e+00; 2.216920e-01; 0.000000e+00; 1.000000e+02; 1.000000e-01; 2.000000e-02
9.532164e-01; 2.296094e+00; 3.872189e-01; 6.929418e-02; 0.000000e+00; 5.442352e-01; 0.000000e+00; 1.000000e+02; 1.000000e-01; 2.000000e-02
9.532164e-01; 2.640979e+00; 3.872189e-01; 1.076147e-01; 0.000000e+00; 8.452038e-01; 0.000000e+00; 1.000000e+02; 1.000000e-01; 2.000000e-02
9.590643e-01; 2.814993e+00; 9.471165e-02; 3.654691e-01; 0.000000e+00; 2.870387e+00; 0.000000e+00; 1.000000e+02; 1.000000e-01; 2.000000e-02
9.590643e-01; 2.099580e+00; 9.471165e-02; 2.859788e-01; 0.000000e+00; 2.246072e+00; 0.000000e+00; 1.000000e+02; 1.000000e-01; 2.000000e-02
9.590643e-01; 2.012028e+00; 9.471165e-02; 2.762507e-01; 0.000000e+00; 2.169668e+00; 0.000000e+00; 1.000000e+02; 1.000000e-01; 2.000000e-02
9.590643e-01; 2.033335e+00; 9.471165e-02; 2.786182e-01; 0.000000e+00; 2.188262e+00; 0.000000e+00; 1.000000e+02; 1.000000e-01; 2.000000e-02
9.649123e-01; 2.163993e+00; 3.772638e-01; 1.629809e-01; 0.000000e+00; 1.280049e+00; 0.000000e+00; 1.000000e+02; 1.000000e-01; 2.000000e-02
9.649123e-01; 2.554405e+00; 3.772638e-01; 2.063600e-01; 0.000000e+00; 1.620748e+00; 0.000000e+00; 1.000000e+02; 1.000000e-01; 2.000000e-02
9.649123e-01; 2.467744e+00; 3.772638e-01; 1.967310e-01; 0.000000e+00; 1.545121e+00; 0.000000e+00; 1.000000e+02; 1.000000e-01; 2.000000e-02
9.707602e-01; 2.424713e+00; 3.448262e-01; 1.631288e-01; 0.000000e+00; 1.281211e+00; 0.000000e+00; 1.000000e+02; 1.000000e-01; 2.000000e-02
9.707602e-01; 2.511174e+00; 3.448262e-01; 1.727356e-01; 0.000000e+00; 1.356662e+00; 0.000000e+00; 1.000000e+02; 1.000000e-01; 2.000000e-02
9.707602e-01; 2.598021e+00; 3.448262e-01; 1.823852e-01; 0.000000e+00; 1.432450e+00; 0.000000e+00; 1.000000e+02; 1.000000e-01; 2.000000e-02
9.707602e-01; 2.706903e+00; 3.448262e-01; 1.944832e-01; 0.000000e+00; 1.527468e+00; 0.000000e+00; 1.000000e+02; 1.000000e-01; 2.000000e-02
9.707602e-01; 2.749726e+00; 3.448262e-01; 1.992414e-01; 0.000000e+00; 1.564839e+00; 0.000000e+00; 1.000000e+02; 1.000000e-01; 2.000000e-02
9.766082e-01; 2.782451e+00; 5.396256e-01; 2.101024e-01; 0.000000e+00; 1.650140e+00; 0.000000e+00; 1.000000e+02; 1.000000e-01; 2.000000e-02
9.766082e-01; 2.760715e+00; 5.396256e-01; 2.076873e-01; 0.000000e+00; 1.631172e+00; 0.000000e+00; 1.000000e+02; 1.000000e-01; 2.000000e-02
9.766082e-01; 2.543217e+00; 5.396256e-01; 1.835208e-01; 0.000000e+00; 1.441369e+00; 0.000000e+00; 1.000000e+02; 1.000000e-01; 2.000000e-02
9.824561e-01; 2.623124e+00; 9.314144e-01; 3.806895e-01; 0.000000e+00; 2.989928e+00; 0.000000e+00; 1.000000e+02; 1.000000e-01; 2.000000e-02
9.824561e-01; 2.058351e+00; 9.314144e-01; 3.179370e-01; 0.000000e+00; 2.497071e+00; 0.000000e+00; 1.000000e+02; 1.000000e-01; 2.000000e-02
9.824561e-01; 2.028496e+00; 9.314144e-01; 3.146198e-01; 0.000000e+00; 2.471018e+00; 0.000000e+00; 1.000000e+02; 1.000000e-01; 2.000000e-02
9.824561e-01; 1.788361e+00; 9.314144e-01; 2.879381e-01; 0.000000e+00; 2.261461e+00; 0.000000e+00; 1.000000e+02; 1.000000e-01; 2.000000e-02
9.883041e-01; 1.716231e+00; 1.105681e+00; 2.437211e-01; 0.000000e+00; 1.914181e+00; 0.000000e+00; 1.000000e+02; 1.000000e-01; 2.000000e-02
9.883041e-01; 1.824805e+00; 1.105681e+00; 2.557849e-01; 0.000000e+00; 2.008930e+00; 0.000000e+00; 1.000000e+02; 1.000000e-01; 2.000000e-02
9.883041e-01; 1.868339e+00; 1.105681e+00; 2.606221e-01; 0.000000e+00; 2.046921e+00; 0.000000e+00; 1.000000e+02; 1.000000e-01; 2.000000e-02
9.941520e-01; 1.912176e+00; 1.539330e+00; 9.201723e-02; 0.000000e+00; 7.227017e-01; 0.000000e+00; 1.000000e+02; 1.000000e-01; 2.000000e-02
9.941520e-01; 2.432524e+00; 1.539330e+00; 1.498336e-01; 0.000000e+00; 1.176790e+00; 0.000000e+00; 1.000000e+02; 1.000000e-01; 2.000000e-02
9.941520e-01; 2.215384e+00; 1.539330e+00; 1.257070e-01; 0.000000e+00; 9.873005e-01; 0.000000e+00; 1.000000e+02; 1.000000e-01; 2.000000e-02
9.941520e-01; 2.106247e+00; 1.539330e+00; 1.135806e-01; 0.000000e+00; 8.920603e-01; 0.000000e+00; 1.000000e+02; 1.000000e-01; 2.000000e-02
